4.01058	0	0	179.23	179.23	0
7.86322	0	0	179.23	179.23	0
14.0032	0	0	179.23	179.23	0
14.4319	0	0	179.23	179.23	0
15.9834	0	0	179.23	179.23	0
16.2152	0	0	179.23	179.23	0
19.0029	0	0	179.23	179.23	0
23.5905	0.131466	0.00036662	179.23	179.361	-0.131466
24.5731	0.0567709	0.00015835	179.23	179.286	-0.0567709
28.5908	0.176154	0.00049118	179.23	179.406	-0.176154
29.2487	0.114228	0.000318562	179.23	179.344	-0.114228
31.5258	0.335255	0.000934392	179.23	179.565	-0.335255
31.9158	0.335255	0.000934392	179.23	179.565	-0.335255
32.4203	0.353563	0.000985369	179.23	179.583	-0.353563
35.6751	0.359753	0.0010026	179.23	179.589	-0.359753
36.2159	0.226171	0.000630556	179.23	179.456	-0.226171
39.5223	0.449682	0.00125292	179.23	179.679	-0.449682
40.8078	0.574098	0.00159901	179.23	179.804	-0.574098
41.6453	0.458254	0.00127677	179.23	179.688	-0.458254
42.6362	0.715294	0.00198765	180.131	179.739	0.391826
44.1957	1.0581	0.00293647	180.504	179.827	0.676979
44.4927	1.0581	0.00293647	180.504	179.827	0.676979
48.6849	1.16195	0.0032258	180.504	179.702	0.802474
49.3452	1.23562	0.00343708	179.504	179.992	-0.487967
52.9808	1.11777	0.00311029	179.504	179.875	-0.37012
54.9135	1.21059	0.00336768	179.504	179.967	-0.462936
56.4665	1.31331	0.0036524	179.504	180.07	-0.565659
57.7851	1.67715	0.00466029	179.85	180.032	-0.181851
59.2608	1.68999	0.00468465	180.85	179.901	0.949395
60.5551	1.98455	0.00549866	180.85	180.066	0.784577
60.745	1.98455	0.00549866	180.85	180.066	0.784577
61.0509	1.99604	0.00553299	180.85	179.902	0.948486
65.3296	2.09591	0.00580474	180.85	180.218	0.631609
65.8219	2.09591	0.00580474	180.85	180.218	0.631609
66.343	2.03256	0.00562669	180.85	180.385	0.465089
67.6882	1.77831	0.00493981	179.85	180.145	-0.295267
69.4605	1.84774	0.00513186	179.85	180.203	-0.352436
70.7901	1.81157	0.00503192	179.85	180.166	-0.316269
72.0891	2.11403	0.00586711	179.85	180.469	-0.618729
73.7982	2.06416	0.00572922	179.85	180.436	-0.585846
74.1241	1.90923	0.00530156	179.85	180.276	-0.425578
75.7878	1.9244	0.00534363	179.85	180.279	-0.429094
76.6446	2.13249	0.00591805	179.85	180.487	-0.63719
77.5833	2.04773	0.00568382	179.85	180.424	-0.573903
78.734	2.36643	0.00655236	180.85	180.307	0.542774
78.9632	2.36643	0.00655236	180.85	180.307	0.542774
80.0413	2.41868	0.00669282	180.85	180.535	0.315044
83.5383	2.22684	0.00617922	179.822	180.553	-0.731534
84.8492	2.25498	0.00625626	180.196	180.24	-0.0444962
85.3972	2.71888	0.00753428	180.196	180.672	-0.475921
88.694	2.6878	0.00744844	180.196	180.659	-0.463128
95.6457	2.75882	0.007626	181.196	180.569	0.626544
96.2116	2.78041	0.00768142	181.196	180.77	0.426071
97.0429	2.77179	0.00766123	181.196	180.599	0.596878
98.5068	3.83089	0.0105227	183.168	180.893	2.27499
100.939	3.28227	0.00908211	180.541	180.858	-0.316176
101.815	3.23071	0.00894135	180.541	180.781	-0.240106
103.318	3.22133	0.00891416	180.541	180.831	-0.289263
105.643	3.7254	0.0102548	182.541	180.742	1.79972
107.147	3.4125	0.00941372	181.513	180.99	0.522927
108.311	3.41137	0.00942074	181.513	180.599	0.914231
110.093	3.63535	0.0100282	181.513	181.001	0.512678
110.996	3.63535	0.0100282	181.513	181.001	0.512678
113.089	3.48642	0.0096268	181.513	180.644	0.868826
114.109	3.50408	0.0096719	181.513	180.781	0.731843
117.81	3.55997	0.00982581	181.513	180.795	0.718577
119.481	3.53493	0.00975482	181.513	180.865	0.648232
121.343	3.72006	0.0102655	181.513	180.873	0.640371
124.703	3.55285	0.00980805	181.513	180.725	0.788025
125.256	3.70639	0.0102242	181.513	180.998	0.515061
126.176	3.50306	0.00966027	181.513	181.113	0.400485
128.284	3.72548	0.0102831	181.513	180.779	0.734199
128.446	3.72548	0.0102831	181.513	180.779	0.734199
129.324	3.81266	0.0105156	181.513	181.059	0.453733
130.341	3.78042	0.0104056	182.513	180.792	1.72142
131.278	3.64329	0.0100307	182.513	180.699	1.81393
133.448	3.17612	0.00877417	181.513	180.472	1.04106
134.901	3.44331	0.00950215	181.513	180.859	0.6541
135.616	3.82036	0.0105406	181.513	180.93	0.583633
136.981	3.91252	0.0107664	182.513	180.888	1.62508
140.122	3.59533	0.00990362	182.513	180.518	1.99495
140.369	3.59533	0.00990362	182.513	180.518	1.99495
142.441	3.55968	0.00984345	180.513	181.116	-0.602439
143.167	3.64743	0.0100594	181.513	181.076	0.437536
145.656	3.26234	0.00902905	180.513	180.803	-0.289825
146.013	3.34992	0.00926915	180.513	180.892	-0.379268
146.278	3.34992	0.00926915	180.513	180.892	-0.379268
149.576	3.61505	0.00997243	181.513	180.992	0.521579
150.807	3.30063	0.00911058	181.513	180.772	0.741107
154.097	3.24579	0.0089836	180.513	180.788	-0.274971
154.763	3.24579	0.0089836	180.513	180.788	-0.274971
155.148	3.43305	0.009497	180.513	180.974	-0.461049
156.004	3.26912	0.00904746	180.513	180.817	-0.303631
157.605	3.39771	0.00937565	181.513	180.884	0.629026
160.98	3.68013	0.0101298	182.513	180.784	1.72953
163.56	4.03618	0.0111078	182.513	180.852	1.66157
164.099	3.9659	0.0109355	181.513	181.149	0.364178
167.795	3.67979	0.0101534	181.513	180.905	0.608074
169.452	3.16666	0.00876681	180.513	180.696	-0.183088
170.494	3.44645	0.00950412	181.513	181.114	0.399344
171.237	3.51413	0.00969035	181.513	181.129	0.384499
173.846	3.76498	0.0103636	182.513	180.777	1.73667
174.719	3.79685	0.0104465	182.513	180.942	1.57125
175.91	3.36234	0.00927869	181.513	180.859	0.653841
177.327	3.70566	0.0102011	182.513	180.747	1.76662
177.912	3.70566	0.0102011	182.513	180.747	1.76662
182.118	3.7625	0.0103522	182.513	180.937	1.57573
184.046	4.13063	0.0113624	182.513	181.021	1.49233
184.839	4.13063	0.0113624	182.513	181.021	1.49233
186.352	3.35271	0.00927616	180.513	180.92	-0.407
186.73	3.35271	0.00927616	180.513	180.92	-0.407
188.83	3.10632	0.0086009	180.513	180.649	-0.135581
189.204	3.16969	0.00877453	180.513	180.724	-0.211233
191.451	3.36932	0.00932284	180.513	180.892	-0.378716
194	3.56165	0.00980347	182.513	180.792	1.72106
194.159	3.56165	0.00980347	182.513	180.792	1.72106
196.983	4.49911	0.0123203	184.513	180.666	3.8474
200.153	3.48307	0.00961108	181.513	180.888	0.625075
200.23	3.48307	0.00961108	181.513	180.888	0.625075
202.785	3.36455	0.0092898	181.513	180.663	0.849913
204.667	3.83864	0.010557	182.513	181.098	1.41516
206.498	4.03062	0.0110573	183.513	181.009	2.50399
206.865	4.03062	0.0110573	183.513	181.009	2.50399
207.439	3.81105	0.0104596	183.513	180.847	2.66579
208.513	4.00863	0.0110048	183.513	180.75	2.76298
214.093	4.50381	0.012323	184.513	180.965	3.5478
214.662	4.50381	0.012323	184.513	180.965	3.5478
216.679	4.21679	0.0115798	183.513	180.638	2.8752
218.395	4.18416	0.0115173	182.513	180.779	1.73371
221.314	3.62247	0.00999372	181.513	180.961	0.551703
221.94	3.62247	0.00999372	181.513	180.961	0.551703
222.453	3.37196	0.00930878	181.513	180.721	0.792335
225.73	3.93022	0.010816	182.513	180.858	1.65542
226.764	4.0165	0.0110485	182.513	181.02	1.49272
226.958	4.0165	0.0110485	182.513	181.02	1.49272
229.041	3.73991	0.010301	182.513	180.548	1.9652
230.13	4.42459	0.0121193	184.513	180.572	3.94156
234.583	3.76751	0.010364	182.513	181.005	1.50868
235.72	3.84754	0.010589	182.513	180.841	1.67221
235.806	3.57702	0.0098716	181.513	180.841	0.672209
237.563	3.33848	0.00921431	181.513	180.801	0.711872
239.721	3.78017	0.0104049	182.513	180.794	1.71955
239.84	3.98812	0.0109471	183.513	180.794	2.71955
240.536	4.14008	0.011362	183.513	180.866	2.64677
243.987	3.67814	0.0101516	181.513	180.806	0.707294
244.102	3.34926	0.00924942	181.513	180.592	0.921118
248.707	4.1719	0.0114507	183.513	180.822	2.69111
250.823	3.44608	0.00950936	181.513	180.875	0.63811
252.962	3.74857	0.0103422	181.513	180.939	0.574161
254.095	3.66092	0.0101025	181.513	180.864	0.649525
255.227	3.82848	0.010566	181.513	180.825	0.68834
256.081	3.49262	0.00961976	182.513	180.554	1.9589
258.214	3.66684	0.0101218	181.513	180.76	0.753538
259.377	3.25114	0.00897685	181.513	180.656	0.857029
261.398	3.69156	0.0101925	181.513	180.67	0.843054
263.639	3.82631	0.0105315	182.513	180.808	1.70482
266.299	3.90505	0.0107496	182.513	180.761	1.75254
270.079	3.57432	0.00986547	181.513	180.793	0.720311
270.36	3.57432	0.00986547	181.513	180.793	0.720311
272.821	3.45763	0.0095436	181.513	180.785	0.727719
276.417	4.1486	0.0113881	183.513	180.779	2.73459
276.683	4.1486	0.0113881	183.513	180.779	2.73459
278.021	3.6449	0.0100559	181.513	180.95	0.56351
278.752	3.6449	0.0100559	181.513	180.95	0.56351
282.044	3.70106	0.0102136	181.513	180.852	0.660977
282.404	3.70106	0.0102136	181.513	180.852	0.660977
284.401	3.58219	0.00986293	182.513	180.684	1.82931
285.814	3.80323	0.0104616	182.513	181.03	1.48272
289.793	3.57191	0.00985584	181.513	180.902	0.610999
291.203	3.92638	0.0108083	182.513	180.76	1.75299
293.907	3.24417	0.008979	180.513	180.793	-0.279369
294.985	2.96045	0.00820078	180.513	180.483	0.0301548
298.105	3.41409	0.00942262	181.513	180.816	0.697174
300.313	4.11818	0.0113478	180.513	182.392	-1.87869
302.242	8.07351	0.0219112	182.513	185.952	-3.43911
303.689	7.88454	0.0212958	183.513	186.726	-3.21293
305.482	9.14215	0.0246929	182.513	187.721	-5.2077
308.2	12.0865	0.0325187	181.513	190.164	-8.65099
308.617	10.8939	0.0293102	181.513	190.164	-8.65099
310.257	19.3509	0.0509021	181.513	198.645	-17.1322
312.271	15.6995	0.0416091	182.513	194.797	-12.2834
312.712	15.6995	0.0416091	182.513	194.797	-12.2834
314.049	17.4046	0.0460204	181.513	196.68	-15.1663
314.512	17.4046	0.0460204	181.513	196.68	-15.1663
316.293	14.9956	0.0383891	189.513	201.108	-11.5946
317.282	14.6547	0.0375638	189.513	200.617	-11.1034
318.286	16.6801	0.0425221	189.513	202.756	-13.2428
319.5	15.2178	0.0389415	189.513	201.272	-11.7587
322.005	14.3701	0.0364101	192.513	202.161	-9.64793
324.949	11.6867	0.0298424	192.513	199.102	-6.58881
324.993	11.6867	0.0298424	192.513	199.102	-6.58881
326.398	8.09894	0.0209125	191.513	195.764	-4.25125
329.118	12.4391	0.032124	188.513	198.709	-10.1962
331.559	14.1538	0.0361754	190.513	200.741	-10.2283
333.752	9.25198	0.0238979	190.513	196.633	-6.11971
334.208	10.2248	0.0265971	190.513	193.92	-3.40666
335.022	13.9361	0.0357808	190.513	198.973	-8.45953
336.737	11.7204	0.0300715	190.513	199.24	-8.72644
338.125	12.493	0.0319435	190.513	200.584	-10.0711
339.137	13.6548	0.0348805	190.513	200.96	-10.4472
340.476	13.0589	0.0333257	190.513	201.342	-10.8288
342.628	12.759	0.0325829	191	200.585	-9.58421
346.124	17.3858	0.0438805	191	205.207	-14.2068
346.345	17.3858	0.0438805	191	205.207	-14.2068
347.897	18.2739	0.0460083	191	206.187	-15.1867
349.799	16.181	0.0409604	191	204.039	-13.039
350.135	18.1721	0.0457619	191	206.101	-15.1008
352.559	22.0794	0.0550397	191	210.153	-19.1522
355.045	13.0471	0.0332768	191	201.077	-10.077
357.578	15.0085	0.0380827	191	203.101	-12.1007
360.944	12.6992	0.0324381	190.513	200.977	-10.4633
362.28	9.50167	0.0244695	190.513	197.793	-7.27946
363.028	12.2271	0.03144	190.513	198.39	-7.87691
365.321	12.5453	0.0320583	190.513	200.816	-10.3024
368.637	13.5751	0.0345968	190.513	201.868	-11.3548
369.356	13.83	0.0352255	190.513	202.1	-11.5871
370.024	12.5391	0.0320407	190.513	200.834	-10.3208
371.182	13.1825	0.0336317	190.513	201.453	-10.9395
371.522	13.1825	0.0336317	190.513	201.453	-10.9395
372.277	14.8214	0.0376519	190.513	203.13	-12.6173
374.343	12.9454	0.0330469	190.513	201.216	-10.7025
374.806	12.9454	0.0330469	190.513	201.216	-10.7025
375.558	16.7208	0.0421943	191.513	204.767	-13.2535
378.495	19.7753	0.0495236	191.513	207.797	-16.2842
379.294	19.6469	0.0492455	191.513	207.445	-15.9321
380.661	20.9284	0.0522159	191.513	209.292	-17.7791
381.652	21.0371	0.0525323	191.513	208.948	-17.4346
382.772	18.5822	0.0466446	191.513	206.865	-15.3517
383.463	20.7	0.0517418	191.513	208.551	-17.0373
385.657	23.7203	0.0587779	191.513	212.044	-20.5308
387.094	23.6084	0.0585872	191.513	211.449	-19.9356
387.721	23.6084	0.0585872	191.513	211.449	-19.9356
388.857	27.6683	0.0679136	191.513	215.891	-24.3774
389.132	27.3914	0.0673204	191.513	215.368	-23.8549
392.471	21.5752	0.0537603	191.513	209.809	-18.2957
394.154	20.5429	0.0513193	191.513	208.782	-17.2692
394.377	20.5429	0.0513193	191.513	208.782	-17.2692
395.509	17.584	0.0442711	191.513	205.676	-14.1628
397.226	18.8272	0.0472423	191.513	207.01	-15.497
398.102	16.5316	0.041731	191.513	204.633	-13.12
404.686	7.84333	0.0196198	198	201.766	-3.76512
406.236	13.0272	0.0322047	198	206.511	-8.51073
406.547	12.7882	0.0316521	197.513	206.511	-8.99793
407.731	11.8384	0.0293462	198	205.406	-7.40558
408.104	15.9313	0.0390655	197.513	210.298	-12.7853
409.015	11.9327	0.0303337	198	195.38	2.62015
410.042	10.7927	0.0274949	198	194.533	3.46707
410.798	10.7927	0.0274949	198	194.533	3.46707
412.694	8.66724	0.0218908	198	197.931	0.0696706
413.801	9.02487	0.0227705	198	198.341	-0.340222
414.776	6.65013	0.0167131	198	199.898	-1.89776
415.461	10.6356	0.0264915	198	203.47	-5.46979
419.262	13.0952	0.0335012	198	192.886	5.11482
420.812	10.8643	0.0277091	198	194.086	3.91485
421.814	10.8954	0.0277752	198	194.272	3.72806
423.135	11.7555	0.029969	198	194.255	3.74532
424.944	11.5872	0.0295858	198	193.647	4.35319
424.948	11.5872	0.0295858	198	193.647	4.35319
428.146	12.9013	0.0329815	198	193.168	4.83218
431.026	12.8502	0.0327256	198	194.663	3.33751
431.842	12.8502	0.0327256	198	194.663	3.33751
434.177	9.37731	0.0239209	194	198.012	-4.012
434.679	9.37731	0.0239209	194	198.012	-4.012
439.017	25.4247	0.0628269	194	210.679	-16.6786
440.286	21.0844	0.0523519	194	208.744	-14.7437
442.86	31.2034	0.0750516	194	221.759	-27.7586
445.263	21.0593	0.0519327	194	211.512	-17.5118
446.855	16.2667	0.0406073	194	206.586	-12.5857
448.105	15.9446	0.0398445	194	206.169	-12.169
449.778	16.5022	0.0407484	196	208.977	-12.977
450.908	13.5921	0.0339144	196	204.776	-8.77582
451.988	10.4684	0.0263104	196	201.881	-5.88082
452.947	10.4505	0.0263395	196	200.76	-4.76001
453.222	8.55103	0.021678	196	198.457	-2.4575
455.513	9.78546	0.0248625	198	195.583	2.41675
456.886	10.2938	0.0260109	198	197.748	0.252168
457.13	7.84207	0.0199053	198	195.968	2.03215
458.041	6.3606	0.0160996	198	197.079	0.920771
459.203	6.90368	0.017499	198	196.518	1.48194
459.45	6.90368	0.017499	198	196.518	1.48194
461.081	6.25707	0.0160587	196	193.637	2.36309
461.508	6.25707	0.0160587	196	193.637	2.36309
462.315	8.6114	0.0221196	196	193.311	2.68923
463.581	7.46626	0.0191988	196	192.892	3.10849
464.103	10.5743	0.0273262	194.513	192.454	2.05925
468.064	4.6658	0.0119238	196	195.302	0.697678
468.937	4.45554	0.0113574	197	195.302	1.69768
470.353	8.52591	0.0216287	194.513	199.681	-5.16814
471.228	6.22122	0.0157634	196	198.662	-2.66239
475.674	6.6317	0.0169959	196	194.193	1.80701
479.262	9.85578	0.0252816	194.513	195.327	-0.813709
480.048	9.15673	0.0233121	196	196.789	-0.788615
482.348	9.70654	0.0243841	196	202.069	-6.06935
483.897	9.82701	0.0249018	196	198.631	-2.63081
484.108	7.4222	0.0188604	196	197.533	-1.53306
485.746	5.45638	0.0138504	196	197.95	-1.94987
487.085	6.77613	0.0171848	196	198.31	-2.31014
487.955	6.77613	0.0171848	196	198.31	-2.31014
491.322	10.0285	0.0251629	196	202.542	-6.54235
491.339	10.0285	0.0251629	196	202.542	-6.54235
493.815	7.62019	0.0193763	196	197.273	-1.27269
494.23	7.55242	0.019264	194.513	197.536	-3.02263
494.382	5.55282	0.0140917	196.513	197.536	-1.02303
499.614	15.1505	0.0374315	196.513	208.241	-11.728
500.371	5.05684	0.0128286	196.513	197.671	-1.15865
501.79	8.52377	0.0216672	196.513	196.882	-0.369212
502.207	8.68646	0.0220326	196.513	197.742	-1.22949
504.467	7.45844	0.0190011	196.513	196.014	0.498496
505.275	12.4795	0.0315999	196.513	198.41	-1.89737
506.205	9.23003	0.0234118	196.513	197.733	-1.22047
507.72	6.93062	0.0175789	197.513	196.746	0.766869
507.752	6.93062	0.0175789	197.513	196.746	0.766869
509.68	7.0676	0.0178782	198	197.321	0.679398
509.891	7.0676	0.0178782	198	197.321	0.679398
511.863	5.3918	0.0137183	198	195.038	2.9615
511.895	5.3918	0.0137183	198	195.038	2.9615
512.831	8.33091	0.0213837	198	191.592	6.40752
513.193	8.68761	0.0222589	198	192.298	5.70218
516.959	7.23061	0.018476	198	193.351	4.64929
517.814	7.002	0.0178774	198	193.667	4.33312
519.327	6.58702	0.0167215	197	196.926	0.0741233
520.541	7.12561	0.0182083	197	194.338	2.6624
523.134	6.98527	0.0178205	198	193.98	4.01999
524.819	4.59205	0.0116203	198	197.175	0.824698
527.753	9.63149	0.0239735	198	203.756	-5.75642
528.974	11.3756	0.0282462	198	204.731	-6.7313
531.856	16.9048	0.0416298	197	209.074	-12.0743
532.069	18.8959	0.0462094	198	210.919	-12.9192
532.67	19.8959	0.0485362	199	210.919	-11.9192
536.214	17.5745	0.042755	199	212.053	-13.0526
539.274	17.8882	0.0443068	195.513	208.221	-12.7077
539.685	12.9831	0.0318823	199	208.221	-9.22093
542.155	16.7094	0.0409591	200	207.954	-7.9537
542.204	16.7094	0.0409591	200	207.954	-7.9537
544.348	16.2777	0.040226	200	204.657	-4.65733
544.562	16.2777	0.040226	200	204.657	-4.65733
546.069	12.5491	0.0309984	201	203.832	-2.83163
546.522	12.5491	0.0309984	201	203.832	-2.83163
547.887	11.8026	0.0292482	201	202.531	-1.53149
548.715	12.6654	0.0312299	203	202.553	0.447154
551.904	9.1424	0.0231814	200	194.385	5.61539
552.192	7.31459	0.0185347	200	194.644	5.35643
553.061	5.02994	0.0127639	199	195.075	3.92532
554.239	7.9999	0.0200655	203	195.689	7.31057
554.381	3.9999	0.0101343	199	195.689	3.31057
556.965	8.68221	0.021962	198	197.328	0.6716
557.047	7.61746	0.0192588	199	196.531	2.46884
557.884	8.1079	0.0205507	198	196.531	1.46884
559.129	5.94332	0.015078	198	196.17	1.82957
560.997	7.73157	0.0196443	197	196.578	0.421533
562.263	4.80524	0.0121557	197	198.308	-1.30779
564.475	12.9184	0.0320019	202	201.677	0.322729
564.647	12.9184	0.0320019	202	201.677	0.322729
567.596	27.4178	0.0656977	201	216.333	-15.3326
569.824	35.4039	0.0819725	200	231.899	-31.8993
571.207	38.958	0.0895154	200	235.21	-35.2098
572.275	47.6678	0.107321	200	244.161	-44.1612
574.828	47.9614	0.106286	204	247.25	-43.2496
575.328	62.2222	0.134417	204	258.905	-54.9049
576.948	26.5484	0.0619711	204	224.4	-20.4004
579.11	18.5042	0.0443963	205	211.796	-6.79599
580.022	16.7789	0.0405582	205	208.7	-3.69975
581.31	11.0776	0.0277705	202	196.899	5.10129
582.174	9.69248	0.0242681	202	197.391	4.60879
585.64	12.7616	0.0317664	200	201.732	-1.73158
586.908	9.99907	0.0249654	201	199.518	1.48211
587.464	13.3103	0.0329307	201	203.19	-2.19045
588.433	15.1256	0.0374805	201	202.559	-1.55893
589.915	13.6695	0.0340276	201	200.719	0.280762
590.592	14.7391	0.0368634	201	198.83	2.16971
591.748	13.366	0.0334	201	199.18	1.8203
593.97	9.4071	0.0232964	206	197.8	8.19952
595.244	12.2915	0.0310201	198.513	197.73	0.78299
597.286	11.8289	0.0300261	197.513	196.442	1.07107
601.397	5.39436	0.0136356	199	196.61	2.38983
601.896	5.39436	0.0136356	199	196.61	2.38983
603.367	13.0455	0.0322596	199	205.391	-6.39077
605.866	10.7901	0.0269191	199	201.833	-2.8329
607.273	18.8535	0.0463004	199	208.199	-9.19912
609.329	15.1369	0.0373789	203	201.959	1.04122
610.385	14.1901	0.0350285	203	202.102	0.897567
612.577	11.7471	0.0291965	203	199.344	3.65575
614.45	6.24863	0.0157063	200.513	197.329	3.18396
617.714	5.9993	0.0149427	200.513	200.973	-0.460572
618.976	5.86104	0.0146375	200.513	199.9	0.612691
619.975	6.34773	0.0158795	200.513	199.231	1.2822
621.028	7.10484	0.0176956	198.513	202.991	-4.47782
623.477	9.34626	0.0234484	196.513	202.075	-5.56256
625.337	9.08381	0.0228289	196.513	201.396	-4.88292
626.576	7.79274	0.0196167	196.513	200.738	-4.22522
631.295	7.82383	0.0198996	196.513	196.652	-0.139419
631.61	7.82383	0.0198996	196.513	196.652	-0.139419
633.1	7.0832	0.0179186	196.513	198.785	-2.27221
633.367	7.0832	0.0179186	196.513	198.785	-2.27221
635.386	4.60466	0.0117033	196.513	196.937	-0.424673
635.808	4.60466	0.0117033	196.513	196.937	-0.424673
636.579	7.09488	0.0178944	196.513	199.974	-3.46126
637.754	8.1344	0.0204549	196.513	201.163	-4.64981
638.589	7.89667	0.0197459	199.513	200.402	-0.889195
641.996	6.93341	0.0173433	199.513	200.261	-0.748562
642.151	9.91672	0.0247881	199.513	200.547	-1.0337
643.335	9.51747	0.0238178	199.513	200.082	-0.569497
644.367	10.3104	0.0255278	200	203.888	-3.88833
645.786	10.579	0.0261879	200	203.964	-3.96379
646.407	12.287	0.030325	200	205.176	-5.17639
651.132	7.28471	0.0179965	202	202.784	-0.78411
653.191	14.7984	0.0357061	202	212.45	-10.4501
654.031	15.0518	0.0364024	202	211.484	-9.48382
655.184	11.5957	0.0282352	202	208.682	-6.68221
656.108	13.6478	0.0333159	201	208.648	-7.64763
659.872	14.257	0.0346278	201	210.722	-9.72183
660.704	14.9415	0.03629	201	210.726	-9.72593
661.63	11.7563	0.0287164	201	208.394	-7.39417
663.954	10.3036	0.0252233	201	207.497	-6.49662
665.985	10.579	0.0258876	201	207.651	-6.65102
666.544	8.4156	0.020473	203	208.059	-5.05852
670.346	20.4097	0.048595	203	216.996	-13.9963
670.833	20.4097	0.048595	203	216.996	-13.9963
674.538	13.5299	0.0325032	203	213.263	-10.2632
674.767	13.5299	0.0325032	203	213.263	-10.2632
676.833	13.1875	0.0318722	203	210.763	-7.76335
677.627	16.7294	0.0400655	203	214.552	-11.5522
682.265	6.52278	0.0162137	202	200.301	1.69909
682.702	8.73441	0.021901	198.513	200.301	-1.78771
683.214	9.01137	0.0225702	198.513	200.747	-2.23404
685.31	8.28433	0.0206357	201.513	199.944	1.56908
685.68	8.28433	0.0206357	201.513	199.944	1.56908
688.644	9.55043	0.023935	201.513	197.503	4.00943
691.635	8.60677	0.021413	201.513	200.429	1.08374
691.938	11.2072	0.0275401	206.513	200.429	6.08374
692.774	9.16599	0.0224817	206.513	201.196	5.31728
693.676	16.4678	0.0411046	206.513	194.12	12.393
695.595	14.9026	0.0369442	206.513	196.868	9.64441
697.156	15.3758	0.0371229	206.513	207.675	-1.16192
700.459	24.7233	0.0579119	206.513	220.399	-13.886
702.606	50.47	0.112012	207	243.576	-36.576
703.003	94.1826	0.190895	207	286.375	-79.375
704.03	119.792	0.230807	207	312.013	-105.013
704.713	119.792	0.230807	207	312.013	-105.013
706.636	14.5469	0.0350192	207	208.399	-1.39884
708.444	19.0826	0.0470393	209	196.673	12.3268
712.186	15.0575	0.0377369	205	194.013	10.987
713.003	15.8638	0.0396348	205	195.249	9.75056
713.482	15.8638	0.0396348	205	195.249	9.75056
715.196	13.3239	0.033535	204.028	193.283	10.7451
715.803	13.3239	0.033535	204.028	193.283	10.7451
716.612	12.1285	0.0305776	204.028	192.617	11.4109
717.553	13.893	0.0352069	204.028	190.581	13.4471
718.65	13.8828	0.0352564	203.028	190.737	12.2911
720.91	11.9807	0.030507	201.028	191.692	9.33612
721.018	11.7896	0.0299807	201.028	192.211	8.81673
723.954	11.8531	0.0301364	201.028	192.286	8.74239
724.305	10.5769	0.0267906	201.028	193.77	7.25831
725.472	9.59989	0.0242302	201.028	195.167	5.86147
726.536	9.51878	0.0240326	201.028	195.049	5.97891
726.646	9.51878	0.0240326	201.028	195.049	5.97891
727.948	9.73364	0.0245802	201.028	194.967	6.06107
729.328	5.82035	0.014516	202.028	198.934	3.09459
730.8	7.80938	0.0194647	202.028	199.179	2.8491
732.467	34.1132	0.080582	202.028	221.307	-19.2791
733.011	27.3948	0.06586	202.028	213.927	-11.899
733.596	27.3948	0.06586	202.028	213.927	-11.899
735.148	26.4158	0.0644064	202.028	208.115	-6.08667
738.694	21.2038	0.0519809	202.028	205.886	-3.85786
741.182	13.3631	0.0333907	201.028	199.176	1.85216
743.291	7.88498	0.0197678	202.028	196.853	5.17566
744.512	7.16269	0.0179992	202.028	195.918	6.11056
744.82	7.16269	0.0179992	202.028	195.918	6.11056
746.576	7.88484	0.019786	201.028	197.478	3.55011
747.621	5.87536	0.0147202	201.028	198.108	2.91993
749.977	10.2998	0.0252492	201.028	206.898	-5.86959
750.018	12.1317	0.0296201	201.028	208.548	-7.5198
753.429	18.1541	0.044791	195	210.306	-15.3062
753.553	18.1541	0.044791	195	210.306	-15.3062
755.529	19.2965	0.0474435	195	211.727	-16.7267
755.931	21.4565	0.0530786	192.513	211.727	-19.2135
759.677	33.4885	0.0783823	198	229.246	-31.2455
760.194	36.9321	0.0857459	198	232.716	-34.7157
764.237	11.7074	0.0291735	198	203.301	-5.30054
765.562	13.0453	0.0322512	198	206.491	-8.49128
766.471	9.67446	0.0241303	198	202.926	-4.92622
767.761	8.51033	0.02117	200	202	-1.99972
768.687	7.13706	0.0177433	200	202.24	-2.23982
769.252	7.15038	0.0177974	200	201.765	-1.76461
770.298	6.60982	0.0165591	198	201.167	-3.16653
773.989	9.98087	0.0249636	199	200.817	-1.81699
775.598	9.18507	0.0231266	199	198.166	0.834396
777.457	6.02316	0.0151826	198	198.716	-0.71581
777.973	7.02316	0.0176587	199	198.716	0.28419
779.2	10.5761	0.0265243	199	199.733	-0.732843
779.511	9.57611	0.0240768	198	199.733	-1.73284
781.47	9.05082	0.0227679	199	198.526	0.474319
781.659	9.05082	0.0227679	199	198.526	0.474319
784.438	12.3096	0.0310936	197	198.888	-1.88801
786.167	12.1718	0.0303062	196	205.626	-9.62587
786.51	15.3556	0.0385685	192.513	205.626	-13.1127
788.16	19.0568	0.0466582	196	212.433	-16.4332
788.903	19.0568	0.0466582	196	212.433	-16.4332
791.048	40.8568	0.0953125	196	232.661	-36.6615
792.318	55.0595	0.124067	198.513	245.276	-46.7632
793.838	79.9436	0.170265	199	270.523	-71.5233
795.552	17.1526	0.0422235	199	207.233	-8.23297
798.327	11.9266	0.0300654	200	196.69	3.31034
798.354	11.9266	0.0300654	200	196.69	3.31034
801.592	13.0586	0.0333227	196.513	195.369	1.14383
802.833	10.799	0.02772	195.513	194.059	1.45392
803.4	7.4258	0.0192422	193.513	192.4	1.11351
805.938	7.22543	0.0186938	195.513	191.002	4.51073
806.803	7.38849	0.0191586	195.513	190.136	5.37672
811.93	7.95014	0.0205811	195.513	190.77	4.74291
812.266	9.2779	0.0240199	195.513	190.745	4.76745
813.524	11.392	0.0293816	195.513	192.213	3.29943
814.019	14.4091	0.0368592	195.513	195.41	0.103031
815.897	17.3402	0.04398	196.513	197.763	-1.24987
817.061	16.8773	0.0424735	196.513	200.848	-4.33521
819.499	12.6558	0.0319674	196.513	199.386	-2.87294
820.401	36.13	0.0846965	196.513	230.069	-33.5566
822.078	36.9932	0.0865092	196.513	231.109	-34.5958
822.652	36.9932	0.0865092	196.513	231.109	-34.5958
824.84	27.8639	0.0667801	196.513	220.735	-24.2225
826.675	27.1828	0.0652231	196.513	220.254	-23.7411
829.097	14.7266	0.0367025	196.513	204.728	-8.21545
831.717	8.30896	0.0208947	196.513	201.146	-4.63316
832.149	10.2113	0.0255781	196.513	202.708	-6.19542
833.484	11.5265	0.0286524	196.513	205.776	-9.26352
834.385	11.2366	0.0279736	196.513	205.171	-8.65813
835.942	14.0601	0.0349116	196.513	206.221	-9.70861
838.255	6.7626	0.0170959	196.513	199.055	-2.54216
838.327	6.7626	0.0170959	196.513	199.055	-2.54216
839.083	9.24546	0.023425	196.513	198.171	-1.65822
840.625	6.29315	0.0159735	196.513	197.461	-0.948493
842.425	9.47603	0.0240466	196	198.07	-2.06994
845.117	9.25341	0.023471	196	198.248	-2.24797
847.29	4.90781	0.0125119	196	196.251	-0.251265
848.195	5.35994	0.0136163	196	197.642	-1.6419
851.07	7.6504	0.0194294	196	197.753	-1.75317
851.844	7.6504	0.0194294	196	197.753	-1.75317
852.65	6.37715	0.0160985	196	200.134	-4.1342
856.61	13.2973	0.0330274	196	206.613	-10.6131
858.517	15.2477	0.0376872	196	208.585	-12.5849
859.931	18.8953	0.047247	191.626	208.299	-16.6728
861.276	19.4102	0.0492021	188.654	205.845	-17.1907
863.36	15.2637	0.0391025	188.654	201.696	-13.0415
863.483	15.2637	0.0391025	188.654	201.696	-13.0415
865.1	16.2881	0.0416178	188.654	202.72	-14.0659
865.934	16.159	0.0411827	189.654	202.72	-13.0659
867.032	15.4379	0.0402109	187.168	196.756	-9.58841
867.357	13.4383	0.0348212	189.167	196.756	-7.58881
869.418	15.5674	0.0396716	190.167	202.241	-12.0739
869.819	15.5674	0.0396716	190.167	202.241	-12.0739
872.654	11.41	0.0294033	190.167	197.885	-7.71766
875.914	15.9707	0.0412815	188.168	198.705	-10.5375
876.459	16.7301	0.0424667	190.167	203.791	-13.6234
877.767	23.4723	0.0592459	188.168	208.016	-19.8487
878.13	23.25	0.0581014	190.167	209.995	-19.8276
882.929	15.4076	0.0396349	190.167	198.57	-8.40244
882.98	17.4072	0.0450103	188.168	198.57	-10.402
884.379	15.8192	0.0410915	188.168	196.807	-8.63931
884.921	15.8192	0.0410915	188.168	196.807	-8.63931
888.412	8.96702	0.0233058	192.167	192.587	-0.420015
889.183	10.7351	0.027974	188.168	195.585	-7.41715
892.688	9.90724	0.0257458	191.167	193.643	-2.47588
893.08	9.9388	0.0256579	191.167	196.191	-5.02346
894.124	9.75556	0.0249019	196.513	195.246	1.26695
894.865	7.59206	0.0192321	199.513	195.246	4.26655
896.053	8.07492	0.0204908	199.513	194.562	4.95032
898.517	5.09256	0.0127195	200.513	199.86	0.652455
898.919	5.09256	0.0127195	200.513	199.86	0.652455
900.011	6.75881	0.016754	200.513	202.902	-2.38937
902.608	18.4295	0.045331	197.513	209.04	-11.5271
902.754	18.4295	0.045331	197.513	209.04	-11.5271
904.858	15.4101	0.0380385	196.513	208.604	-12.0916
906.13	22.4398	0.0543381	196.513	216.453	-19.9407
907.324	24.3738	0.0590991	196.513	215.909	-19.3966
910.389	17.1721	0.0419305	198.513	211.025	-12.5127
913.375	12.1257	0.0303214	198.513	201.392	-2.87968
913.424	12.1257	0.0303214	198.513	201.392	-2.87968
915.57	13.0234	0.0329746	198.513	196.439	2.07371
915.73	13.0234	0.0329746	198.513	196.439	2.07371
916.279	13.6246	0.034428	198.513	197.229	1.28408
917.466	13.1966	0.0335488	197.513	195.84	1.67275
918.736	12.9204	0.0329064	197.513	195.126	2.38711
919.885	11.672	0.029728	198.513	194.113	4.4003
922.542	5.99729	0.0153166	197.513	194.043	3.4702
922.579	5.99729	0.0153166	197.513	194.043	3.4702
925.963	5.68465	0.0145792	196.513	193.403	3.11015
927.396	4.94414	0.0126387	196.513	194.677	1.83534
928.781	7.51265	0.0191501	196.513	195.791	0.721635
929.046	10.3549	0.0263329	196.513	196.716	-0.203262
932.897	12.3203	0.0309937	198.513	198.999	-0.486082
934.357	13.7362	0.0344382	195.513	203.352	-7.83847
935.975	11.8561	0.0294497	198.513	204.074	-5.56162
936.929	10.217	0.0255349	196.513	203.607	-7.09462
937.626	10.2599	0.0256259	196.513	203.858	-7.34484
938.083	14.3732	0.0354793	196.513	208.603	-12.0905
939.542	15.8227	0.0389773	196.513	209.435	-12.9218
940.586	15.7757	0.0388031	196.513	210.046	-13.5328
941.686	16.1697	0.0398231	196.513	209.525	-13.0126
943.19	16.0912	0.0395483	196.513	210.361	-13.8482
943.874	11.0912	0.0269285	201.513	210.361	-8.8482
945.859	10.6225	0.025955	201.513	207.753	-6.2407
947.006	14.6467	0.0354855	202	210.752	-8.75226
949.148	18.498	0.0441436	202	217.042	-15.042
950.601	19.4407	0.0463481	202	217.451	-15.4511
951.59	15.2602	0.036146	206	216.181	-10.1808
955.307	15.8983	0.0376627	206	216.123	-10.1234
956.255	14.154	0.033671	206	214.364	-8.36368
959.3	17.5879	0.0416705	206	216.07	-10.0697
959.718	20.5879	0.0484341	209	216.07	-7.06967
961.195	9.28558	0.0223947	206	208.633	-2.63259
962.943	7.06487	0.0171547	206	205.832	0.167915
963.129	6.59521	0.0160513	206	204.882	1.11752
965.018	5.85755	0.0142946	206	203.773	2.22675
968.838	7.89458	0.0191654	205.513	206.405	-0.891757
969.066	8.72824	0.0212613	205.513	205.009	0.503495
969.307	9.08135	0.0220952	206	205.009	0.990695
972.686	10.0034	0.0241576	206	208.091	-2.09146
972.957	10.0034	0.0241576	206	208.091	-2.09146
974.822	7.07925	0.0171476	206	206.842	-0.842279
978.39	6.86675	0.0166165	206	207.248	-1.24805
978.566	6.86675	0.0166165	206	207.248	-1.24805
981.234	5.54665	0.0134777	206	205.543	0.456529
982.657	8.65585	0.020937	206	207.424	-1.42434
986.581	7.79535	0.0191729	202.513	204.068	-1.55454
986.631	5.11946	0.0124844	206	204.068	1.93226
989.422	9.21877	0.0226034	202.513	205.336	-2.82275
990.637	8.80013	0.0217483	202.513	202.123	0.390673
991.399	6.30072	0.0155321	205.513	200.144	5.36835
993.588	4.71061	0.0115542	205.513	202.185	3.32801
994.3	5.42031	0.0133049	205.513	201.879	3.63411
996.165	10.4033	0.0251663	205.513	207.871	-2.35797
999.013	6.3075	0.0155574	205.513	199.921	5.59175
999.608	6.3075	0.0155574	205.513	199.921	5.59175
1001.62	5.95414	0.014663	205.513	200.552	4.96106
1002.01	6.08409	0.0148878	205.513	203.15	2.36256
1005.01	15.5634	0.0392496	202.513	194.012	8.50155
1005.56	15.5634	0.0392496	202.513	194.012	8.50155
1007.23	13.864	0.0348963	202.513	194.78	7.73367
1007.89	13.864	0.0348963	202.513	194.78	7.73367
1011.35	13.9008	0.0348694	202.513	196.14	6.37348
1012.63	11.7274	0.0292431	203	198.033	4.96737
1014.51	16.6193	0.0419515	203	193.156	9.84473
1017.98	15.859	0.0400792	202.513	193.178	9.33533
1019.93	16.1921	0.0410279	202.513	192.147	10.3659
1020.16	18.3248	0.0464624	202.513	191.887	10.626
1021.32	16.2675	0.0411325	202.513	192.978	9.53553
1022.35	17.2506	0.0436973	202	192.776	9.22447
1024.09	14.031	0.0353304	202	195.138	6.86281
1026.71	12.915	0.0324064	203	195.532	7.46888
1027.33	10.6255	0.0263846	206	196.716	9.28396
1029.19	7.29849	0.0180053	206	199.352	6.64787
1031.24	10.0899	0.0250422	206	196.916	9.0841
1032.35	11.0038	0.026996	205	202.609	2.39069
1034.29	8.55792	0.0209539	205	203.417	1.58312
1035.65	13.1788	0.0322483	205	203.667	1.33315
1037.68	17.9725	0.0443226	205	200.493	4.50689
1038.29	19.6887	0.0482645	205	202.933	2.06731
1039.8	18.1482	0.0449597	205	198.654	6.34577
1043.63	16.0411	0.0395342	206	199.753	6.24708
1045.97	13.0026	0.0320377	206	199.854	6.14552
1046.56	10.9705	0.0271858	206	197.537	8.46266
1048.06	10.9729	0.0273069	206	195.838	10.1621
1049.62	9.64908	0.0239814	205	197.357	7.64349
1051.77	5.56844	0.0136525	206	201.869	4.13139
1052.04	9.49217	0.0231763	206	203.564	2.43648
1054.82	12.7636	0.0319114	206	193.969	12.031
1056.4	8.90182	0.0219165	205	201.17	3.83023
1056.87	8.90182	0.0219165	205	201.17	3.83023
1058.27	9.22429	0.0225753	204.028	204.573	-0.544338
1059.6	10.2651	0.0250718	204.028	205.401	-1.37289
1062.21	17.2216	0.0429297	198.683	202.476	-3.79307
1064.64	19.2835	0.050493	182.963	198.941	-15.9779
1064.86	19.2835	0.050493	182.963	198.941	-15.9779
1065.63	3.52846	0.00896222	197	196.703	0.296547
1066.42	9.69975	0.0246714	197	196.157	0.842635
1068.86	8.51476	0.0216446	197	196.39	0.610389
1070.44	8.78037	0.0224733	197	193.702	3.29809
1070.89	8.78037	0.0224733	197	193.702	3.29809
1071.5	6.47271	0.0165009	196	196.265	-0.264665
1072.21	4.98731	0.0127627	196	194.774	1.22634
1073.86	4.51434	0.0114988	196	196.591	-0.591415
1076.74	8.05305	0.0201716	197	202.227	-5.22729
1077.39	14.7166	0.0365223	197	205.948	-8.9482
1077.73	14.7166	0.0365223	197	205.948	-8.9482
1081.37	6.90706	0.0176847	196	194.567	1.433
1081.66	6.90706	0.0176847	196	194.567	1.433
1082.82	6.72272	0.0172374	196	194.008	1.99174
1083.87	9.03796	0.0231221	196	194.88	1.12004
1085.87	8.5945	0.021889	196	196.64	-0.639938
1086.33	8.27024	0.0207772	196	202.044	-6.04441
1088.21	10.8337	0.0270439	196	204.599	-8.59906
1088.99	10.8081	0.0269128	197	204.599	-7.59906
1089.61	11.6165	0.0295552	197	196.046	0.954029
1090.65	9.51656	0.0242931	197	194.74	2.26011
1091.42	7.69104	0.0196938	197	193.531	3.46933
1093.6	8.32495	0.0211656	197	196.325	0.675138
1096.72	9.60028	0.0247263	197	191.262	5.73807
1098.16	10.9759	0.0284276	196	190.1	5.89997
1099.87	11.0712	0.028704	196	189.702	6.29771
1100.97	7.73301	0.0198694	196	193.192	2.80818
1102.2	7.46673	0.0191599	196	193.707	2.29322
1102.8	7.46673	0.0191599	196	193.707	2.29322
1107.04	10.4523	0.0270427	196	190.51	5.48987
1107.05	10.4523	0.0270427	196	190.51	5.48987
1109.57	7.90328	0.0200231	196	198.708	-2.70822
1110.02	5.01778	0.0127391	196	197.889	-1.88873
1111.24	4.78826	0.0121575	196	197.852	-1.85216
1113.64	11.3326	0.0291973	197	191.14	5.86013
1116.05	9.06639	0.0231143	196	196.241	-0.241287
1117.29	16.3861	0.0409089	196	204.551	-8.55117
1120.15	10.5118	0.0266678	196	198.175	-2.1755
1122.39	14.7016	0.0365998	196	205.685	-9.68532
1125.66	8.29233	0.0210468	196	197.994	-1.99417
1130.09	8.52813	0.0213456	197	202.525	-5.52548
1130.83	8.52813	0.0213456	197	202.525	-5.52548
1132.93	6.5135	0.0164687	196	199.507	-3.50694
1135.27	9.08244	0.0227119	197	202.897	-5.89713
1140.32	5.81198	0.0146444	197	199.874	-2.87434
1140.44	5.81198	0.0146444	197	199.874	-2.87434
1145.49	6.32102	0.0160259	196.626	197.8	-1.17389
1148.41	4.93832	0.0124057	197.654	200.416	-2.76117
1150.59	16.325	0.0418217	188.309	202.039	-13.7298
1151.52	21.7961	0.0551199	188.309	207.122	-18.8131
1154.84	15.6517	0.0412221	183.337	196.355	-13.0185
1156.94	27.0544	0.0692204	183.365	207.479	-24.1138
1160.66	12.1691	0.0323555	182.878	193.227	-10.349
1162.88	13.6234	0.0361718	182.878	193.754	-10.8757
1162.92	13.6234	0.0361718	182.878	193.754	-10.8757
1165.05	23.5726	0.0617335	179.878	201.966	-22.088
1167.84	20.0231	0.0529312	179.878	198.406	-18.5278
1171.18	13.8158	0.0371314	179.878	192.199	-12.3204
1171.41	11.8162	0.0315875	181.878	192.199	-10.3208
1173.77	15.3767	0.0411541	179.878	193.76	-13.8814
1174.76	14.9161	0.0399706	179.878	193.299	-13.4208
1178.58	13.9618	0.0375093	179.878	192.345	-12.4665
1180.8	13.4183	0.0357174	181.878	193.801	-11.9229
1181.21	18.9543	0.050248	179.878	197.337	-17.459
1185.07	15.7056	0.0419947	179.878	194.112	-14.2338
1188.84	7.54453	0.0203229	182.878	188.355	-5.47713
1194.06	22.2015	0.0583539	179.878	200.584	-20.7062
1196.14	17.7048	0.0470915	179.878	196.088	-16.2095
1200.39	12.3868	0.0333667	180.878	190.352	-9.4741
1204.8	11.354	0.0307219	179.85	189.724	-9.87394
1204.88	11.354	0.0307219	179.85	189.724	-9.87394
1208.29	6.13346	0.0165951	182.85	186.746	-3.89628
1213.14	13.2732	0.0357282	179.85	191.654	-11.8036
1213.91	13.2732	0.0357282	179.85	191.654	-11.8036
1216.24	19.3341	0.0512109	179.85	197.689	-17.8388
1216.98	19.3341	0.0512109	179.85	197.689	-17.8388
1218.45	15.4361	0.0408972	183.822	193.614	-9.79165
1221.4	26.3073	0.0673758	182.822	207.634	-24.812
1222.47	37.4496	0.0933445	182.822	218.376	-35.5538
1223.21	31.0002	0.0784521	182.822	212.327	-29.5049
1224.55	17.5266	0.0437562	193.513	207.037	-13.5243
1225.93	14.024	0.0352656	193.513	204.153	-10.6397
1227.76	14.2976	0.0359671	193.513	204.005	-10.492
1228.1	18.1698	0.0452646	193.513	207.9	-14.3869
1231.53	8.7123	0.0219801	196.513	199.86	-3.34652
1231.88	8.7123	0.0219801	196.513	199.86	-3.34652
1236.66	14.4945	0.0362149	195.513	204.723	-9.20973
1237.04	11.7457	0.0295289	195.513	202.255	-6.74218
1239.02	12.6238	0.031594	195.513	204.05	-8.53672
1242.86	12.5274	0.031222	196.513	204.722	-8.20905
1244.39	14.1029	0.0349473	196.513	207.035	-10.5221
1246.05	11.1205	0.0277617	196.513	204.058	-7.54508
1250.04	11.5843	0.0288893	196.513	204.475	-7.96184
1252.82	13.3166	0.0331448	196.513	205.256	-8.74288
1255.98	9.83911	0.0251804	196.513	194.232	2.28167
1257.47	9.55923	0.0242707	196.513	197.346	-0.832742
1258.78	8.72173	0.0221878	196.513	196.573	-0.059858
1260.23	6.86691	0.017391	196.513	198.341	-1.82771
1262.26	5.75815	0.0146629	196.513	196.188	0.324809
1265.86	11.5278	0.0296356	196.513	192.473	4.04069
1267.2	8.61721	0.0220241	196.513	194.75	1.76329
1270.37	7.88177	0.0202519	196.513	192.673	3.84017
1273.13	8.69614	0.022252	196.513	194.29	2.22277
1276.74	10.4518	0.0265447	196.513	197.231	-0.718249
1278.45	9.44317	0.0237699	196.513	200.761	-4.24748
1284.58	10.7561	0.0271837	195.513	200.167	-4.65345
1285.99	11.1553	0.0280706	195.513	201.888	-6.37479
1286.29	10.7624	0.0271233	195.513	201.282	-5.769
1290.1	13.6298	0.0341287	195.513	203.853	-8.3393
1295.01	18.807	0.0464222	195.513	209.615	-14.1021
1296.6	20.6217	0.0506433	195.513	211.682	-16.1685
1297.17	25.4425	0.0618185	195.513	216.054	-20.5412
1298.65	11.2939	0.0284103	195.513	202.013	-6.49985
1299.28	10.0639	0.0254173	195.513	200.433	-4.92019
1299.89	10.0639	0.0254173	195.513	200.433	-4.92019
1302.19	13.1862	0.0335058	195.513	198.037	-2.52339
1305.92	12.2733	0.0318942	195.513	189.301	6.21269
1306.02	13.4089	0.0348743	195.513	188.98	6.53305
1307.31	13.4911	0.0351714	195.513	188.068	7.44556
1309.71	14.9766	0.0393081	195.513	185.493	10.02
1314.1	16.9485	0.0448369	195.513	182.49	13.0236
1314.95	16.9485	0.0448369	195.513	182.49	13.0236
1318.15	17.8233	0.0470399	195.513	183.386	12.1275
1324.82	19.1147	0.0503966	195.513	183.772	11.7416
1326.05	18.2891	0.0483094	195.513	183.068	12.4448
1329.3	18.4106	0.048646	195.513	182.947	12.5657
1331.15	19.4075	0.0512562	195	183.637	11.3635
1334.41	19.213	0.0506813	195	184.094	10.9068
1341.54	18.9015	0.0500115	195.513	182.43	13.0831
1345.34	18.2113	0.0481563	195.513	182.658	12.8548
1347.34	17.9426	0.0474189	195.513	182.872	12.6415
1350.51	18.9646	0.0500597	195.513	183.326	12.1868
1352.2	18.8417	0.0497512	195.513	183.205	12.3078
1353.3	18.4314	0.048708	195.513	182.894	12.6196
1358.49	18.3184	0.0484833	195.513	182.316	13.1968
1363.12	18.2854	0.0483339	195.513	182.801	12.7119
1365.88	17.886	0.047257	195.513	182.97	12.5428
1368.98	18.4505	0.0487382	195.513	183.05	12.4631
1372.85	18.996	0.0502386	195.513	182.603	12.91
1374.1	18.8079	0.049751	195.513	182.527	12.9863
1378.02	18.8332	0.0497612	195.513	182.958	12.5557
1379.5	18.744	0.0495447	195.513	182.812	12.7015
1382.17	18.3079	0.0484464	195.513	182.386	13.1267
1384.05	18.5324	0.0489686	195.513	182.941	12.5717
1388.7	19.0158	0.0502735	195.513	182.733	12.7801
1389.6	18.9351	0.0500607	195.513	182.73	12.7833
1393.46	15.2341	0.0406327	192.168	182.754	9.41328
1395.86	5.63699	0.0154574	181.85	182.83	-0.980046
1398.35	6.17618	0.0169021	181.85	183.559	-1.70926
1401.4	5.34649	0.0146747	181.85	182.483	-0.632778
1405.66	4.33033	0.0119269	180.949	182.123	-1.17407
1406.44	5.56909	0.0152836	180.949	183.434	-2.48494
1408.82	4.52592	0.012464	180.949	182.171	-1.22236
1411.02	4.59521	0.0126491	180.575	182.709	-2.13368
1415.68	4.58872	0.0126284	180.575	182.791	-2.21626
1419.01	4.12809	0.0113802	180.575	182.169	-1.59351
1421.53	3.43333	0.00948721	179.23	182.661	-3.43098
1425.8	5.04638	0.0138902	179.504	183.801	-4.29638
1429.26	4.35029	0.0119972	179.504	183.105	-3.60029
1433.74	3.94239	0.010855	180.504	182.683	-2.17854
1435.96	3.92849	0.0108263	180.504	182.361	-1.85641
1437.82	3.5491	0.00979305	180.504	181.906	-1.4017
1440.92	4.7335	0.0130402	179.504	183.488	-3.9835
1444.64	3.73616	0.010321	179.504	182.491	-2.98616
1445.5	3.83195	0.0105828	179.504	182.586	-3.08195
1450.35	4.71766	0.0129982	179.85	183.095	-3.24539
1455.54	4.16575	0.0114959	179.85	182.518	-2.6681
1460.93	4.46096	0.0122839	180.822	182.333	-1.51143
1462.59	5.1906	0.0142656	180.822	183.034	-2.21173
1464.99	4.43508	0.0122084	180.822	182.46	-1.63773
1466.91	4.56968	0.0125849	180.822	182.287	-1.46534
1470.43	4.95987	0.0136421	181.196	182.375	-1.1793
1471.38	6.0695	0.0166646	180.196	184.02	-3.82419
1474.89	5.09072	0.0139951	181.196	182.554	-1.35807
1477.34	6.36153	0.0174319	181.541	183.395	-1.85355
1480.43	5.01521	0.0138003	181.541	181.872	-0.330552
1483.01	6.24006	0.0170995	181.541	183.386	-1.84422
1483.14	6.24006	0.0170995	181.541	183.386	-1.84422
1485.3	4.12485	0.0113731	181.541	181.144	0.3974
1485.47	4.12485	0.0113731	181.541	181.144	0.3974
1487.43	5.71319	0.0156908	181.541	182.568	-1.02681
1489.9	5.11294	0.0140568	181.541	182.192	-0.650413
1492.37	6.72888	0.0184085	182.541	182.989	-0.447402
1495.3	4.68144	0.0128772	181.541	182.005	-0.463501
1496.2	6.50547	0.0178422	180.541	184.07	-3.52887
1498.09	5.70776	0.0156888	180.541	183.27	-2.72849
1500.63	5.02482	0.0138381	180.541	182.573	-2.03186
1502.12	5.12638	0.0141025	181.513	181.996	-0.482835
1506.89	3.22207	0.00890799	181.513	180.193	1.32055
1508.72	3.29932	0.00912162	181.513	180.19	1.32327
1512	4.00754	0.0110168	183.513	180.255	3.25842
1517.56	2.68116	0.00741116	181.513	180.26	1.25281
1519.29	2.68406	0.00744075	180.513	180.211	0.302215
1521.98	2.82231	0.00780019	181.513	180.312	1.20114
1524.92	3.51894	0.00969163	182.513	180.577	1.93614
1525.44	3.60178	0.0099267	182.513	180.324	2.18875
1525.58	3.60178	0.0099267	182.513	180.324	2.18875
1527.9	3.54694	0.00979856	181.513	180.473	1.0404
1529.98	3.70904	0.010239	181.513	180.731	0.781753
1531.22	3.30586	0.00913511	181.513	180.372	1.1414
1534.42	3.85599	0.0106251	182.513	180.399	2.11401
1536.66	3.4929	0.00962514	182.513	180.381	2.13261
1540.51	4.1598	0.0114371	183.513	180.198	3.31533
1541.09	3.93693	0.0108192	183.513	180.372	3.14124
1546.12	4.06655	0.0112066	182.513	180.358	2.15476
1548.56	3.89477	0.0107219	182.513	180.742	1.77136
1549.06	3.12146	0.00864199	180.513	180.684	-0.170414
1554.34	3.18934	0.0088293	180.513	180.71	-0.196388
1556.06	4.12011	0.0113458	182.513	180.628	1.88537
1556.46	4.12011	0.0113458	182.513	180.628	1.88537
1561.34	3.07466	0.00849303	181.513	180.508	1.00551
1563.46	3.02221	0.00835577	181.513	180.178	1.33547
1567.98	3.37144	0.00931816	181.513	180.301	1.21258
1570.18	4.88017	0.0133645	184.513	180.644	3.86872
1573.65	3.42935	0.00947649	181.513	180.367	1.14645
1575.12	3.439	0.00950417	181.513	180.328	1.18516
1579.15	3.46246	0.0095424	182.513	180.337	2.17634
1580.64	3.54561	0.00976961	182.513	180.409	2.10414
1587.85	3.67175	0.0100856	183.513	180.545	2.96782
1589.54	3.4301	0.00945255	182.513	180.362	2.15104
1589.57	3.4301	0.00945255	182.513	180.362	2.15104
1591.4	3.75614	0.0103431	182.513	180.641	1.87247
1594.47	3.63551	0.0100287	182.513	179.996	2.5176
1595.46	3.6796	0.0101449	182.513	180.19	2.32326
1598.73	2.97262	0.00821793	181.513	180.211	1.30244
1600.95	3.05485	0.00845014	181.513	180.001	1.51189
1603.62	3.68992	0.0101712	182.513	180.267	2.24578
1606.06	2.96015	0.0082	180.513	180.48	0.032808
1611.9	2.95379	0.00816181	181.513	180.391	1.1224
1614.28	4.01367	0.0110624	182.513	180.306	2.20717
1619.72	3.13679	0.00867452	181.513	180.097	1.4163
1621.09	3.39137	0.00937261	181.513	180.325	1.1881
1624.23	3.60093	0.00994589	181.513	180.539	0.974684
1629.37	2.81742	0.00780726	180.513	180.358	0.154904
1629.39	2.81742	0.00780726	180.513	180.358	0.154904
1631.08	2.51401	0.00697277	180.513	180.034	0.478942
1633.14	2.49986	0.00693379	180.513	180.02	0.493092
1636.25	2.69336	0.00746649	180.513	180.214	0.299593
1638.79	3.34906	0.00926734	180.513	180.869	-0.3561
1641.88	3.4368	0.00947692	182.513	180.136	2.37713
1646.51	3.49627	0.00963027	182.513	180.537	1.97612
1646.55	3.49627	0.00963027	182.513	180.537	1.97612
1648.09	3.50043	0.00964638	182.513	180.362	2.15127
1653.24	3.27525	0.009051	181.513	180.353	1.16007
1656.6	2.95635	0.0081709	181.513	180.301	1.21184
1660.85	3.42708	0.00948065	180.513	180.969	-0.455401
1664.61	3.50309	0.00968098	181.513	180.339	1.17399
1666.14	3.47146	0.00957896	181.513	180.891	0.621758
1673.88	3.33538	0.00921069	181.513	180.607	0.905868
1674.08	1.04309	0.00290152	179.23	180.27	-1.04075
1677.85	2.99793	0.0082758	181.513	180.74	0.773604
1678.63	2.87328	0.00794832	181.513	179.982	1.53078
1685.45	3.23281	0.00892995	181.513	180.506	1.00719
1686.46	3.18683	0.00881161	181.513	180.149	1.36388
1687.37	3.20683	0.00886397	181.513	180.269	1.24428
1690.85	3.62032	0.00999365	181.513	180.748	0.764897
1692.44	3.07802	0.00850592	181.513	180.354	1.15873
1695.87	3.42574	0.00946714	181.513	180.342	1.17081
1696.98	3.69943	0.0102229	181.513	180.363	1.15052
1701.44	4.56861	0.0125912	181.513	181.329	0.184289
1702.31	3.68538	0.0101741	181.513	180.718	0.795519
1705.15	3.50822	0.00965516	182.513	180.839	1.67433
1706.69	3.76399	0.010369	182.513	180.492	2.02086
1709.27	3.66133	0.0100799	182.513	180.718	1.79541
1713.76	3.77711	0.0104267	181.513	180.74	0.773472
1718.85	3.84731	0.0106185	181.513	180.807	0.706347
1722.92	3.83419	0.0105806	181.513	180.866	0.646976
1727.65	4.88745	0.0133965	184.513	180.318	4.19496
1729.22	4.51293	0.0123573	184.513	180.69	3.82326
1734.97	4.25331	0.0116942	183.513	180.197	3.31597
1736.92	3.38956	0.00937101	181.513	180.193	1.31978
1737.34	3.55199	0.00980945	181.513	180.586	0.927531
1740.67	3.64808	0.0100741	181.513	180.61	0.903281
1742.07	3.54906	0.00980552	181.513	180.432	1.08105
1745.72	4.98803	0.0136768	184.513	180.193	4.32013
1749.87	4.63039	0.0126833	184.513	180.563	3.94976
1753.91	3.81143	0.010525	181.513	180.619	0.893785
1756.03	4.29006	0.0118093	182.513	180.764	1.74898
1758.8	4.14943	0.0114272	182.513	180.604	1.90883
1762.95	3.88172	0.0106963	182.513	180.389	2.12401
1765.4	3.8352	0.0105648	182.513	180.503	2.01051
1766.33	3.94152	0.0108644	182.513	180.279	2.23428
1770.22	2.97228	0.00823292	180.513	180.51	0.00339433
1772.87	2.8835	0.00798923	180.513	180.41	0.103138
1773.67	2.92547	0.00810472	180.513	180.446	0.0674863
1775.59	2.60538	0.00722403	180.513	180.141	0.372477
1779.46	2.73909	0.00759228	180.513	180.259	0.25387
1780.01	3.11987	0.00863863	180.513	180.64	-0.126913
1783.19	4.55118	0.0125081	183.513	180.345	3.16848
1785.34	4.40773	0.012113	183.513	180.37	3.143
1788.47	4.28633	0.0117847	183.513	180.209	3.30467
1788.85	4.28633	0.0117847	183.513	180.209	3.30467
1793.68	2.97026	0.00822657	180.513	180.544	-0.0308322
1797.42	2.60795	0.00723133	180.513	180.132	0.380785
