4.18509	bypass,101.513,0,0	main,77.7163,0,0	
7.01352	bypass,101.513,0,0	main,77.7163,0,1	
14.8303	bypass,101.513,0,0	main,77.7163,0,2	
14.9891	bypass,101.513,0,0	main,77.7163,0,3	
15.6735	bypass,101.513,0,0	main,77.7163,0,4	
16.6007	bypass,101.513,0,0	main,77.7163,0,5	
19.9601	bypass,101.513,0,0	main,77.7163,0,6	
23.3856	bypass,101.513,0,0	main,77.7163,0,7	
24.6455	bypass,101.513,0,0	main,77.7163,0,8	
28.0351	bypass,101.513,0,0	main,77.7163,0,9	
29.3816	bypass,101.513,0,0	main,77.7163,0,10	
31.2372	bypass,101.513,0,0	main,77.7163,0,11	
31.9809	bypass,101.513,0,0	main,77.7163,0,12	
32.46	bypass,101.513,0,0	main,77.7163,0,13	
35.9685	bypass,101.513,0,0	main,77.7163,0,14	
36.009	bypass,101.513,0,0	main,77.7163,0,15	
39.2794	bypass,101.513,0,0	main,77.7163,0,16	
40.9551	bypass,101.513,0,0	main,77.7163,0,17	
41.6958	bypass,101.513,0,0	main,77.7163,0,18	
42.9055	bypass,101.513,0,0	main,77.7163,0,19	
44.298	bypass,101.513,0,0	main,77.7163,0,20	
44.4162	bypass,101.513,0,0	main,77.7163,0,21	
48.6903	bypass,101.513,0,0	main,77.7163,0,22	
49.8502	bypass,101.513,0,0	main,77.7163,0,23	
52.4403	bypass,101.513,0,0	main,77.7163,0,24	
54.3562	bypass,101.513,0,0	main,77.7163,0,25	
56.3923	bypass,101.513,0,0	main,77.7163,0,26	
57.7677	bypass,101.513,0,0	main,77.7163,0,27	
59.6032	bypass,101.513,0,0	main,77.7163,0,28	
60.3802	bypass,101.513,0,0	main,77.7163,0,29	
60.5885	bypass,101.513,0,0	main,77.7163,0,30	
61.1013	bypass,101.513,0,0	main,77.7163,0,31	
65.7012	bypass,101.513,0,0	main,77.7163,0,32	
65.8889	bypass,101.513,0,0	main,77.7163,0,33	
66.1676	bypass,101.513,0,0	main,77.7163,0,34	
67.4687	bypass,101.513,0,0	main,77.7163,0,35	
69.8887	bypass,101.513,0,0	main,77.7163,0,36	
70.3131	bypass,101.513,0,0	main,77.7163,0,37	
72.2173	bypass,101.513,0,0	main,77.7163,0,38	
73.9726	bypass,101.513,0,0	main,77.7163,0,39	
74.1824	bypass,101.513,0,0	main,77.7163,0,40	
75.1783	bypass,101.513,0,0	main,77.7163,0,41	
76.4508	bypass,101.513,0,0	main,77.7163,0,42	
77.785	bypass,101.513,0,0	main,77.7163,0,43	
78.2252	bypass,101.513,0,0	main,77.7163,0,44	
78.8788	bypass,101.513,0,0	main,77.7163,0,45	
80.8294	bypass,101.513,0,0	main,77.7163,0,46	
83.6903	bypass,101.513,0,0	main,77.7163,0,47	
84.5354	bypass,101.513,0,0	main,77.7163,0,48	
85.85	bypass,101.513,0,0	main,77.7163,0,49	
88.3886	bypass,101.513,0,0	main,77.7163,0,50	
95.7144	bypass,101.513,0,0	main,77.7163,0,51	
96.6403	bypass,101.513,0,0	main,77.7163,0,52	
97.3772	bypass,101.513,0,0	main,77.7163,0,53	
98.4984	bypass,101.513,0,0	main,77.7163,0,54	
