1.651777040337736
1.651777040337736
1.651777040337736
1.651777040337736
1.651777040337736
1.651777040337736
1.651777040337736
1.651777040337736
1.651777040337736
1.651777040337736
1.651777040337736
1.651777040337736
1.651777040337736
1.651777040337736
1.651777040337736
1.651777040337736
1.651777040337736
1.651777040337736
1.651777040337736
1.651777040337736
1.651777040337736
1.651777040337736
1.651777040337736
1.651777040337736
1.781301615359438
1.781301615359438
1.2934792643272492
1.2934792643272492
1.2934792643272492
1.2934792643272492
1.2934792643272492
1.2934792643272492
1.2934792643272492
1.2934792643272492
1.2934792643272492
1.2934792643272492
1.3299881610659439
1.3299881610659439
0.846472096802401
0.846472096802401
0.846472096802401
0.846472096802401
0.846472096802401
0.846472096802401
0.846472096802401
0.846472096802401
0.846472096802401
0.846472096802401
0.846472096802401
0.40352047786991446
0.40352047786991446
0.40352047786991446
0.40352047786991446
0.40352047786991446
0.40352047786991446
0.40352047786991446
0.40352047786991446
0.40352047786991446
0.40352047786991446
0.40352047786991446
0.4393905490347706
0.4393905490347706
-0.035683464889745976
-0.035683464889745976
-0.035683464889745976
-0.035683464889745976
-0.035683464889745976
-0.035683464889745976
-0.035683464889745976
-0.035683464889745976
-0.035683464889745976
-0.035683464889745976
0.0
0.0
0.0
0.0
0.0
0.0
0.0
0.0
0.0
0.0
0.0
0.0
0.0
0.0
0.0
0.0
0.0
0.0
0.0
0.0
0.0
0.0
0.0
0.0
0.0
0.0
0.0
0.0
0.0
0.0
0.0
0.0
0.0
0.0
0.0
0.0
0.0
0.0
0.0
0.0
0.0
0.0
0.0
0.0
0.0
0.0
0.0
0.0
0.0
0.0
0.0
0.0
0.0
0.0
0.0
0.0
0.0
0.0
0.0
0.0
0.0
0.0
0.0
0.0
0.0
0.0
0.0
0.0
0.0
0.0
0.0
0.0
0.0
0.0
0.0
0.0
0.0
1.2658227848101267
0.0
0.0
0.0
0.0
5.063291139240507
15.18987341772152
15.18987341772152
16.455696202531644
17.72151898734177
17.72151898734177
20.253164556962027
20.253164556962027
20.253164556962027
20.253164556962027
21.518987341772153
21.518987341772153
22.78481012658228
22.78481012658228
25.31645569620253
26.582278481012654
26.582278481012654
27.848101265822784
27.848101265822784
29.11392405063291
29.11392405063291
29.11392405063291
30.37974683544304
31.645569620253166
31.645569620253166
31.645569620253166
32.91139240506329
32.91139240506329
34.177215189873415
34.177215189873415
35.44303797468354
35.44303797468354
36.708860759493675
37.9746835443038
37.9746835443038
39.24050632911392
40.50632911392405
40.50632911392405
40.50632911392405
40.50632911392405
44.303797468354425
43.037974683544306
44.303797468354425
44.303797468354425
44.303797468354425
46.835443037974684
43.037974683544306
46.835443037974684
0.4797415109394804
46.835443037974684
49.36708860759494
0.4797415109394804
46.913580246913575
45.67901234567901
0.4797415109394804
17.22636509609606
48.148148148148145
0.4797415109394804
39.53488372093023
36.7816091954023
15.256174086077639
39.08045977011494
23.655913978494624
40.229885057471265
0.4797415109394804
15.256174086077639
21.166747116132903
0.4797415109394804
17.346938775510203
0.4797415109394804
33.33333333333333
0.4797415109394804
0.0
16.0
21.166747116132903
0.4797415109394804
22.151842621142112
18.0
-1.9230769230769231
0.4797415109394804
25.0
20.0
-0.9615384615384616
14.705882352941178
1.464837015948691
24.122033631160537
2.4499325209579017
0.0
1.464837015948691
7.6923076923076925
0.9803921568627451
-7.6923076923076925
0.0
0.9615384615384616
-12.5
-11.538461538461538
3.9603960396039604
-9.615384615384617
3.435028025967112
4.9504950495049505
-12.5
1.9230769230769231
-9.615384615384617
-0.9615384615384616
-11.538461538461538
-9.615384615384617
1.9801980198019802
-10.576923076923077
1.9801980198019802
-8.653846153846153
1.9607843137254901
-0.9615384615384616
-10.576923076923077
0.9803921568627451
-11.538461538461538
0.9803921568627451
0.0
-9.615384615384617
-0.9708737864077669
-0.9615384615384616
0.9803921568627451
-11.538461538461538
-0.9708737864077669
-0.9708737864077669
-0.9615384615384616
-10.576923076923077
-1.9230769230769231
0.4797415109394804
-11.538461538461538
0.9803921568627451
-1.9230769230769231
0.9803921568627451
-0.9615384615384616
-1.9230769230769231
-12.5
-0.9615384615384616
-11.538461538461538
-0.9615384615384616
0.9803921568627451
0.9803921568627451
-11.538461538461538
-1.9230769230769231
-10.576923076923077
0.9803921568627451
-0.9615384615384616
0.0
-1.9230769230769231
0.9900990099009901
0.0
1.9801980198019802
-11.538461538461538
0.0
-1.9230769230769231
-12.5
-0.9615384615384616
0.0
-1.9230769230769231
0.9803921568627451
0.0
-11.538461538461538
-10.576923076923077
0.0
-1.9230769230769231
1.9801980198019802
-11.538461538461538
-0.9615384615384616
0.9900990099009901
-1.9230769230769231
-12.380952380952381
-0.9615384615384616
-12.380952380952381
-0.9615384615384616
-1.9230769230769231
-10.576923076923077
-2.857142857142857
-11.538461538461538
-1.9047619047619049
-9.615384615384617
-1.9230769230769231
-8.653846153846153
-0.9615384615384616
-13.333333333333334
-0.9615384615384616
-10.576923076923077
-0.9615384615384616
-2.857142857142857
-10.576923076923077
-11.538461538461538
-2.857142857142857
-2.857142857142857
-12.380952380952381
-9.615384615384617
-1.9230769230769231
-9.615384615384617
-10.576923076923077
-0.9615384615384616
-8.145398180130705
-9.615384615384617
-5.769230769230769
-11.972673255958593
-1.9230769230769231
-6.796116504854369
-8.737864077669903
-1.4616521596321284
-5.825242718446602
-0.4955899259030317
-9.70873786407767
-6.291963328277612
-10.156212263194
-8.224087795735805
-1.4616521596321284
-7.25802556200671
-8.224087795735805
-2.4044855663888756
6.593406593406594
-4.359838860819419
7.6923076923076925
10.989010989010989
2.1505376344086025
10.869565217391305
-1.4616521596321284
4.301075268817205
10.869565217391305
7.6923076923076925
-0.49084802847493153
-9.102216949087678
-2.4044855663888756
-4.318123104302819
-2.4044855663888756
3.1914893617021276
-1.4476667974319033
7.526881720430108
11.702127659574469
-2.4044855663888756
4.2105263157894735
5.263157894736842
8.695652173913043
11.956521739130435
-3.361304335345847
13.043478260869565
-2.4044855663888756
2.4499325209579017
2.4499325209579017
1.4227895094390122
2.4499325209579017
0.4797415109394804
4.420123530976323
-1.4616521596321284
13.829787234042554
3.435028025967112
-0.4955899259030317
-5.325901094548516
8.333333333333332
-1.4616521596321284
2.4025967752842585
5.263157894736842
-1.4616521596321284
3.0927835051546393
9.090909090909092
-0.5053539940697301
10.526315789473683
5.1020408163265305
3.3686590090133555
1.464837015948691
-1.4616521596321284
7.216494845360824
5.208333333333334
11.458333333333332
-0.4955899259030317
10.309278350515463
7.216494845360824
8.333333333333332
4.334721242742452
8.0
1.464837015948691
4.9504950495049505
5.9405940594059405
8.360505551013166
4.901960784313726
5.88235294117647
0.4797415109394804
5.825242718446602
5.825242718446602
-1.4616521596321284
-1.9230769230769231
15.625
14.583333333333334
3.9603960396039604
10.330696561031587
-1.4616521596321284
5.300783476471549
2.4025967752842585
6.266845710200646
0.4704723078260651
-1.4616521596321284
10.0
1.4365345415551618
-1.9230769230769231
3.3686590090133555
-1.9230769230769231
13.0
-0.4955899259030317
-1.4616521596321284
-5.769230769230769
-1.4616521596321284
12.871287128712872
-0.4955899259030317
-0.9615384615384616
-4.807692307692308
-0.9708737864077669
-1.9230769230769231
-9.615384615384617
-0.9615384615384616
0.0
-0.9708737864077669
-11.538461538461538
-11.538461538461538
-0.9615384615384616
-0.9615384615384616
-0.9615384615384616
-0.9615384615384616
-0.9615384615384616
-11.538461538461538
-0.9708737864077669
-1.9230769230769231
-1.9230769230769231
-1.9230769230769231
-0.9615384615384616
-1.9230769230769231
-0.9708737864077669
-11.538461538461538
-0.9615384615384616
-12.5
-1.9230769230769231
-0.9615384615384616
-0.9615384615384616
-10.576923076923077
-0.9615384615384616
-10.576923076923077
-9.615384615384617
-0.9615384615384616
-0.9615384615384616
0.0
-11.538461538461538
-1.9230769230769231
-12.5
-1.9230769230769231
-0.9615384615384616
0.0
-0.9615384615384616
-12.5
-0.9615384615384616
0.0
-11.538461538461538
-0.9615384615384616
-9.615384615384617
1.9417475728155338
0.9615384615384616
0.9615384615384616
-12.5
2.912621359223301
-12.5
0.9615384615384616
0.0
-11.538461538461538
0.9615384615384616
-10.576923076923077
-10.377358490566039
1.9230769230769231
-8.653846153846153
-7.6923076923076925
0.9615384615384616
-10.576923076923077
-0.9615384615384616
-7.6923076923076925
-0.9615384615384616
-5.769230769230769
-14.018691588785046
-0.9615384615384616
-0.9615384615384616
-6.60377358490566
-0.9615384615384616
-9.615384615384617
-0.9615384615384616
-5.660377358490567
-0.9615384615384616
-1.9230769230769231
-12.380952380952381
-2.8301886792452833
-7.476635514018691
-2.8301886792452833
-3.7735849056603774
-10.576923076923077
-5.714285714285714
-2.8301886792452833
-10.576923076923077
-9.615384615384617
-2.8301886792452833
-5.555555555555555
-1.9230769230769231
-8.653846153846153
-1.9230769230769231
-8.653846153846153
-2.857142857142857
-6.730769230769231
-10.576923076923077
-7.188579411173734
-9.615384615384617
-2.4044855663888756
-5.769230769230769
2.127659574468085
6.382978723404255
-6.291963328277612
2.127659574468085
0.4797415109394804
-1.0638297872340425
-1.4616521596321284
-8.145398180130705
-2.4044855663888756
-10.05903571804465
1.0416666666666665
-2.4044855663888756
-2.1052631578947367
-7.188579411173734
-2.4044855663888756
1.098901098901099
-8.145398180130705
-2.4044855663888756
-9.523809523809524
7.6923076923076925
-2.4044855663888756
2.1505376344086025
4.301075268817205
-2.857142857142857
0.0
1.0416666666666665
3.1914893617021276
4.25531914893617
-9.102216949087678
-4.318123104302819
0.4797415109394804
-6.0606060606060606
-1.0101010101010102
0.4797415109394804
-5.05050505050505
-1.0101010101010102
-1.4476667974319033
0.0
-6.231760642216763
-2.4044855663888756
0.0
2.0618556701030926
-3.4606405090973618
5.263157894736842
4.2105263157894735
5.263157894736842
-3.361304335345847
5.208333333333334
0.4797415109394804
2.127659574468085
10.75268817204301
-2.4044855663888756
-1.0204081632653061
0.4659707404820403
-2.4044855663888756
-5.274941873259791
11.702127659574469
5.1020408163265305
-4.318123104302819
2.4499325209579017
5.208333333333334
12.903225806451612
0.4797415109394804
1.464837015948691
0.4797415109394804
1.464837015948691
9.574468085106384
11.702127659574469
2.4499325209579017
0.4659707404820403
16.483516483516482
18.681318681318682
5.405219035985533
9.090909090909092
0.4797415109394804
8.080808080808081
11.11111111111111
-2.4044855663888756
6.390314540994744
7.375410046003955
-2.4044855663888756
5.05050505050505
8.360505551013166
-0.49084802847493153
11.11111111111111
1.4227895094390122
11.0
13.26530612244898
14.893617021276595
11.224489795918368
22.58064516129032
13.402061855670103
0.4797415109394804
13.28598307605922
9.345601056022376
13.28598307605922
-2.4044855663888756
18.556701030927837
11.315792066040798
7.375410046003955
18.367346938775512
-1.4476667974319033
17.17171717171717
8.91089108910891
-2.4044855663888756
-1.9047619047619049
-2.4044855663888756
7.163702123180843
19.19191919191919
-1.4476667974319033
15.841584158415841
-1.9047619047619049
15.0
-2.4044855663888756
-2.4044855663888756
0.9523809523809524
19.587628865979383
-1.4476667974319033
-0.9523809523809524
-1.9047619047619049
-2.857142857142857
-6.666666666666667
-1.9047619047619049
-7.6190476190476195
-1.9047619047619049
-1.9047619047619049
-2.857142857142857
-10.476190476190476
-2.857142857142857
-12.380952380952381
-2.857142857142857
-2.857142857142857
-1.9047619047619049
-12.380952380952381
-12.380952380952381
-2.857142857142857
-2.857142857142857
-11.428571428571429
-11.428571428571429
-2.857142857142857
-2.857142857142857
-10.476190476190476
-2.857142857142857
-11.428571428571429
-2.857142857142857
-2.857142857142857
-2.857142857142857
-13.333333333333334
-1.9047619047619049
-2.857142857142857
-2.857142857142857
-2.857142857142857
-1.9230769230769231
-1.9047619047619049
-2.857142857142857
-2.857142857142857
-13.333333333333334
-2.857142857142857
-1.9047619047619049
-1.9230769230769231
-13.333333333333334
-1.9047619047619049
-0.9615384615384616
-2.857142857142857
-1.9047619047619049
-1.9047619047619049
-2.857142857142857
-12.380952380952381
-1.9230769230769231
-2.857142857142857
-2.857142857142857
-0.9615384615384616
-1.9230769230769231
-13.333333333333334
-0.9615384615384616
-1.9047619047619049
-1.9230769230769231
-13.333333333333334
-2.857142857142857
-1.9047619047619049
-1.9230769230769231
-1.9047619047619049
-11.428571428571429
-1.9047619047619049
-1.9230769230769231
-1.9230769230769231
-0.9708737864077669
-13.333333333333334
-0.9615384615384616
-2.857142857142857
-1.9230769230769231
-13.333333333333334
-0.9708737864077669
-2.857142857142857
-11.428571428571429
-2.857142857142857
-1.9047619047619049
-11.428571428571429
-1.9230769230769231
-12.380952380952381
-1.9047619047619049
-11.428571428571429
-10.476190476190476
-2.857142857142857
-2.857142857142857
-2.857142857142857
-13.333333333333334
-2.857142857142857
-0.9615384615384616
-2.857142857142857
-13.333333333333334
-1.9230769230769231
-0.9615384615384616
-1.9230769230769231
-2.857142857142857
-0.9708737864077669
-12.380952380952381
-2.857142857142857
-1.9047619047619049
-2.857142857142857
-2.857142857142857
-1.9047619047619049
-2.857142857142857
-1.9047619047619049
-12.380952380952381
-1.9047619047619049
-2.857142857142857
-1.9230769230769231
-1.9047619047619049
-1.9230769230769231
-0.9615384615384616
-0.9708737864077669
-1.9047619047619049
-2.857142857142857
-0.9708737864077669
0.0
0.0
-1.9047619047619049
-0.9615384615384616
-0.9615384615384616
-12.380952380952381
-1.9047619047619049
-1.9047619047619049
-0.9615384615384616
-1.9047619047619049
-13.333333333333334
-0.9523809523809524
-1.9047619047619049
-12.380952380952381
-1.9047619047619049
-0.9523809523809524
-1.9047619047619049
-0.9615384615384616
0.0
-0.9615384615384616
0.0
-1.9047619047619049
-1.9047619047619049
-13.333333333333334
-0.9615384615384616
-0.9615384615384616
-1.9047619047619049
-1.9047619047619049
-1.9047619047619049
-1.9047619047619049
-0.9615384615384616
-12.380952380952381
-0.9615384615384616
-1.9230769230769231
-1.9230769230769231
-13.333333333333334
-24.761904761904763
-0.9708737864077669
-2.857142857142857
-2.857142857142857
-24.761904761904763
-2.857142857142857
-24.761904761904763
-24.761904761904763
-0.9523809523809524
-24.761904761904763
-1.9047619047619049
-1.9047619047619049
-24.761904761904763
-1.9047619047619049
-25.471698113207548
-25.471698113207548
1.9230769230769231
-24.761904761904763
-26.168224299065418
-24.761904761904763
0.0
-24.761904761904763
0.9615384615384616
-24.761904761904763
0.0
-25.471698113207548
-0.9523809523809524
-25.471698113207548
-24.761904761904763
0.9708737864077669
0.9708737864077669
0.0
-25.471698113207548
-24.761904761904763
-0.9523809523809524
-2.857142857142857
-24.761904761904763
-1.9230769230769231
-0.9615384615384616
-2.857142857142857
-2.857142857142857
-1.9047619047619049
-2.8301886792452833
-24.761904761904763
-5.555555555555555
-2.857142857142857
-24.761904761904763
-1.9047619047619049
-2.8301886792452833
-1.9230769230769231
-24.761904761904763
-1.9047619047619049
-24.761904761904763
-1.9047619047619049
-1.9047619047619049
-0.9615384615384616
-23.809523809523807
-1.9047619047619049
-1.9230769230769231
-1.9047619047619049
-1.9047619047619049
-2.857142857142857
-2.857142857142857
-2.857142857142857
-1.9047619047619049
-2.857142857142857
-2.857142857142857
-24.761904761904763
-1.9047619047619049
-2.857142857142857
-1.9230769230769231
-1.9230769230769231
-24.761904761904763
-2.857142857142857
-2.857142857142857
-24.761904761904763
-1.9230769230769231
-0.9615384615384616
-0.9615384615384616
-0.9615384615384616
-1.9047619047619049
-1.9047619047619049
-1.9047619047619049
-1.9047619047619049
-1.9047619047619049
-24.761904761904763
-1.9047619047619049
-1.9047619047619049
0.0
-1.9047619047619049
-1.9047619047619049
-1.9230769230769231
-2.857142857142857
-2.857142857142857
-2.857142857142857
-2.857142857142857
-24.761904761904763
-1.9230769230769231
-0.9615384615384616
-24.761904761904763
-2.857142857142857
-0.9615384615384616
-24.761904761904763
-2.857142857142857
-1.9230769230769231
-23.809523809523807
-1.9047619047619049
-1.9047619047619049
-1.9230769230769231
-0.9615384615384616
-24.761904761904763
-1.9047619047619049
-1.9047619047619049
-24.761904761904763
-1.9047619047619049
-0.9523809523809524
-1.9047619047619049
-24.761904761904763
-0.9615384615384616
-24.761904761904763
-0.9615384615384616
0.0
-24.761904761904763
-2.857142857142857
-1.9047619047619049
-2.857142857142857
-24.761904761904763
-0.9708737864077669
-24.761904761904763
-24.761904761904763
-1.9047619047619049
-1.9047619047619049
-2.857142857142857
-24.761904761904763
-2.857142857142857
-2.857142857142857
-1.9047619047619049
-2.857142857142857
-1.9047619047619049
0.0
-1.9230769230769231
-2.857142857142857
-24.761904761904763
-1.9047619047619049
-24.761904761904763
-2.857142857142857
-24.761904761904763
-1.9047619047619049
-24.761904761904763
-1.9047619047619049
-2.857142857142857
-1.9047619047619049
0.0
-0.9708737864077669
-24.761904761904763
0.0
-1.9047619047619049
-24.761904761904763
-0.9615384615384616
-1.9047619047619049
-24.761904761904763
0.0
-25.471698113207548
-1.9047619047619049
-24.761904761904763
-1.9047619047619049
-24.761904761904763
-0.9615384615384616
-2.857142857142857
-2.857142857142857
-2.857142857142857
-1.9047619047619049
-2.857142857142857
-2.857142857142857
-1.9047619047619049
-24.761904761904763
-1.9047619047619049
-2.4044855663888756
-2.857142857142857
-0.9708737864077669
-24.761904761904763
-0.9615384615384616
-0.9708737864077669
-1.9230769230769231
-1.9047619047619049
-2.857142857142857
-1.9047619047619049
-1.9047619047619049
-1.9047619047619049
-1.9047619047619049
-24.761904761904763
-1.9047619047619049
-2.857142857142857
-24.761904761904763
-1.9047619047619049
-24.761904761904763
-1.9047619047619049
-1.9047619047619049
-24.761904761904763
-0.9615384615384616
-2.857142857142857
-2.857142857142857
-24.761904761904763
-1.9047619047619049
-1.9230769230769231
-0.9615384615384616
-1.9047619047619049
-24.761904761904763
-1.9047619047619049
-1.9047619047619049
-1.9047619047619049
-1.9047619047619049
-24.761904761904763
-0.9615384615384616
-2.857142857142857
-24.761904761904763
-24.761904761904763
-2.857142857142857
-24.761904761904763
-2.857142857142857
-0.9708737864077669
-0.9708737864077669
-24.761904761904763
-1.9230769230769231
-0.9615384615384616
-24.761904761904763
-0.9615384615384616
-24.761904761904763
-1.9230769230769231
-1.9230769230769231
-1.9047619047619049
-24.761904761904763
-2.857142857142857
-24.761904761904763
-2.857142857142857
-24.761904761904763
-24.761904761904763
-2.857142857142857
-24.761904761904763
-24.761904761904763
-1.9230769230769231
-24.761904761904763
-2.857142857142857
-24.51315764328167
-2.857142857142857
-1.9047619047619049
-11.911465447551087
0.846472096802401
0.846472096802401
-2.857142857142857
-2.857142857142857
0.846472096802401
0.846472096802401
-2.857142857142857
0.846472096802401
0.846472096802401
0.846472096802401
0.846472096802401
-1.9047619047619049
0.846472096802401
0.846472096802401
0.846472096802401
0.846472096802401
-1.9230769230769231
0.40352047786991446
0.40352047786991446
0.40352047786991446
-2.857142857142857
0.40352047786991446
0.40352047786991446
0.40352047786991446
0.40352047786991446
0.40352047786991446
0.40352047786991446
0.40352047786991446
0.40352047786991446
0.40352047786991446
-0.035683464889745976
-0.035683464889745976
0.0
0.0
0.0
0.0
0.0
0.0
0.0
0.0
0.0
0.0
0.0
0.0
0.0
0.0
0.0
0.0
0.0
0.0
0.0
0.0
0.0
0.0
0.0
0.0
0.0
0.0
0.0
0.0
0.0
0.0
0.0
0.0
0.0
0.0
0.0
0.0
0.0
0.0
0.0
0.0
0.0
0.0
0.0
0.0
0.0
0.0
0.0
0.0
0.0
0.0
0.0
0.0
0.0
0.0
0.0
0.0
0.0
0.0
0.0
