100.214	main	0.0	4.21421	79	pre_2	main_6	52	0	77.7163	77.7163	0	1.28366
103.75	main	0.1	7.75002	80	pre_2	main_6	52	0	77.7163	77.7163	0	2.28366
110.229	main	1.1	14.2291	79	pre_2	main_6	54	0	77.7163	77.7163	0	1.28366
111.523	main	0.3	14.5232	80	pre_2	main_6	53	0	77.7163	77.7163	0	2.28366
112.774	main	1.0	16.7739	80	pre_2	main_6	53	0	77.7163	77.7163	0	2.28366
112.966	main	0.5	15.9663	79	pre_2	main_6	53	0	77.7163	77.7163	0	1.28366
115.898	main	1.2	19.8976	79	pre_2	main_6	54	0	77.7163	77.7163	0	1.28366
119.58	main	1.3	23.5795	80	pre_2	main_6	56	0	77.7163	77.7163	0	2.28366
119.613	main	0.2	24.6126	79	pre_2	main_6	55	0	77.7163	77.7163	0	1.28366
125.261	main	1.7	28.2606	80	pre_2	main_6	56	0	77.7163	77.7163	0	2.28366
125.876	main	0.6	29.8763	79	pre_2	main_6	55	0	77.7163	77.7163	0	1.28366
127.699	main	0.4	31.6988	80	pre_2	main_6	56	0	77.7163	77.7163	0	2.28366
127.706	main	1.4	31.7057	80	pre_2	main_6	55	0	77.7163	77.7163	0	2.28366
128.745	main	1.5	32.745	79	pre_2	main_6	55	0	77.7163	77.7163	0	1.28366
130.494	main	0.7	35.494	79	pre_2	main_6	55	0	77.7163	77.7163	0	1.28366
132.434	main	1.8	36.434	79	pre_2	main_6	55	0	77.7163	77.7163	0	1.28366
135.323	main	1.6	39.323	79	pre_2	main_6	56	0	77.7163	77.7163	0	1.28366
