111.456
112.963
113.338
114.964
116.145
117.563
119.136
120.263
122.285
123.319
125.732
126.929
128.66
129.394
131.16
132.233
134.227
135.987
136.505
137.645
139.219
140.45
142.374
143.715
145.996
146.7
148.735
149.868
151.005
152.193
154.654
155.02
157.355
158.662
159.057
160.652
162.349
163.753
165.478
166.763
168.272
169.776
171.293
172.898
174.319
175.742
177.576
178.48
180.269
181.679
183.305
184.75
185.858
186.065
188.159
189.898
191.892
192.95
194.775
195.888
197.849
198.404
200.03
201.871
203.806
204.509
206.691
207.336
208.84
209.894
211.259
212.847
214.935
215.351
217.019
218.375
220.382
221.079
223.114
224.392
226.907
227.584
229.142
230.877
231.173
232.486
234.11
235.571
237.459
238.225
240.857
241.081
243.793
244.983
246.66
247.522
249.887
250.578
252.459
253.868
255.182
256.515
257.11
258.06
260.329
261.81
263.826
264.262
266.346
267.785
269.993
270.693
272.12
273.666
275.918
276.717
278.057
279.965
280.043
281.142
283.475
284.326
286.651
287.605
289.025
290.58
292.309
293.079
295.44
296.345
298.005
299.369
301.335
302.487
303.271
304.696
306.456
307.044
309.824
310.227
312.545
313.417
315.427
316.214
318.935
319.934
321.766
322.034
324.814
326.781
327.909
328.313
329.446
330.935
336.817
345.389
347.705
349.223
352.836
353.688
357.042
358.578
360.985
361.314
364.889
365.221
368.959
369.296
373.222
373.936
376.298
378.78
380.862
382.302
384.798
385.204
388.786
390.817
392.426
393.524
396.846
397.408
400.39
401.796
403.922
404.081
408.23
408.941
412.284
412.439
416.842
417.136
419.398
420.72
425.603
425.704
428.057
429.493
432.819
433.086
434.73
436.851
436.853
439.181
440.279
443.034
444.243
444.529
447.849
448.276
448.355
450.667
451.67
451.787
455.717
456.011
459.45
459.614
463.259
463.693
463.802
465.332
467.063
467.695
467.994
469.865
471.53
471.742
472.377
474.648
475.245
476.215
476.448
478.335
479.333
480.037
481.558
483.309
483.595
483.699
486.101
487.388
487.504
487.635
490.308
491.442
494.916
498.009
499.0
499.955
501.66
503.051
504.661
509.198
509.631
511.229
511.686
513.382
513.424
514.639
515.759
517.513
517.855
518.466
520.464
521.519
523.097
523.554
525.11
525.13
526.419
526.515
528.2
530.688
532.634
533.788
533.854
535.355
537.209
537.549
538.504
540.312
541.606
542.49
543.511
545.359
547.234
548.445
550.212
550.323
550.456
552.231
553.908
555.561
556.284
556.731
558.5
558.788
560.094
561.883
563.846
565.302
568.543
570.905
571.02
571.942
573.252
575.238
575.528
576.771
578.64
580.56
581.689
582.861
582.914
583.755
585.279
588.241
588.814
590.362
591.301
594.15
594.859
596.285
596.696
598.146
600.527
601.501
602.215
602.369
604.458
607.36
607.641
610.704
610.727
610.85
614.016
615.533
616.689
618.068
620.087
620.849
620.941
623.431
623.719
624.519
626.626
627.07
627.371
628.098
632.894
633.576
636.116
637.362
639.695
640.138
642.824
643.337
644.944
645.113
646.398
648.473
650.699
651.939
652.646
655.041
655.457
656.652
659.548
660.931
663.21
665.213
666.217
669.343
670.231
671.012
672.244
674.633
677.457
678.276
679.985
680.53
681.305
682.723
685.245
687.315
689.288
690.369
690.424
690.897
694.043
696.765
698.376
700.69
702.192
703.558
707.097
708.217
710.558
711.0
711.735
714.025
715.423
715.511
716.409
718.371
718.877
719.111
722.779
723.818
724.41
726.869
727.808
730.17
730.294
734.794
735.129
735.623
736.591
738.325
738.601
743.564
743.857
746.955
747.858
750.276
750.44
753.822
755.107
755.719
758.012
758.24
762.239
762.496
765.684
765.88
766.679
767.284
769.543
770.448
770.463
774.329
774.978
776.533
777.44
778.053
781.164
782.159
785.486
785.761
786.66
787.431
789.274
789.8
790.505
791.496
792.096
793.293
794.045
794.236
796.247
797.484
797.955
799.039
802.297
803.971
804.232
806.588
807.024
807.787
809.02
809.078
811.636
812.644
814.509
816.763
816.883
817.836
820.898
822.842
824.204
826.906
828.021
830.07
832.027
832.722
832.81
833.946
835.411
837.414
837.726
838.502
840.562
840.615
840.844
842.463
843.95
844.429
845.397
851.057
851.276
853.116
858.165
860.424
861.953
862.606
865.588
865.992
867.235
870.99
871.434
874.743
878.969
881.792
882.081
883.819
884.159
886.913
887.753
889.13
892.822
893.771
895.156
896.04
896.902
898.071
900.543
900.615
901.0
902.671
904.195
905.875
905.989
907.828
908.001
909.704
910.319
911.064
912.364
913.704
914.109
914.259
916.684
917.483
918.256
919.445
919.849
920.735
921.013
923.301
923.591
923.96
924.001
926.273
927.622
928.177
928.797
930.078
932.139
932.418
935.929
936.378
938.055
939.458
941.041
944.559
945.989
948.901
949.655
949.882
951.068
951.566
953.337
953.965
955.134
955.488
957.011
959.447
963.126
963.627
964.395
967.088
968.213
968.461
969.962
971.961
972.522
974.069
975.313
975.791
979.204
979.567
983.609
984.329
987.663
987.847
988.453
989.246
991.665
991.866
994.994
996.581
996.717
998.678
999.444
1000.19
1003.89
1004.26
1007.3
1007.99
1011.68
1012.99
1015.36
1016.9
1017.94
1019.34
1019.95
1021.5
1023.74
1024.72
1024.99
1027.54
1028.52
1031.22
1032.65
1035.17
1035.89
1037.22
1039.07
1039.8
1043.37
1044.84
1047.57
1047.83
1051.89
1052.05
1054.95
1056.44
1058.55
1058.59
1060.62
1061.15
1062.23
1062.58
1063.94
1067.2
1067.96
1070.98
1072.8
1075.47
1076.45
1079.25
1079.91
1084.0
1084.38
1087.55
1087.73
1088.97
1091.04
1091.16
1093.1
1094.8
1096.98
1098.07
1098.92
1100.27
1102.09
1102.4
1102.95
1105.76
1106.47
1106.6
1106.74
1108.19
1110.63
1110.83
1111.46
1111.71
1113.31
1115.04
1115.17
1115.59
1118.05
1118.23
1119.87
1120.33
1121.83
1122.69
1123.23
1124.9
1126.3
1126.84
1128.99
1129.84
1130.75
1132.03
1134.26
1134.85
1135.23
1136.04
1138.05
1138.83
1139.27
1140.09
1142.29
1143.72
1144.09
1150.51
1150.83
1153.93
1155.29
1156.06
1157.08
1158.83
1160.12
1162.13
1164.19
1166.85
1167.19
1169.22
1169.68
1171.04
1173.85
1174.79
1175.92
1176.76
1178.01
1179.44
1181.72
1183.67
1184.54
1186.49
1186.79
1188.8
1190.53
1192.52
1193.96
1195.12
1195.66
1197.71
1198.17
1198.44
1200.2
1202.96
1203.55
1205.55
1206.7
1207.17
1208.49
1211.73
1213.25
1214.28
1215.74
1216.45
1218.39
1218.78
1220.38
1221.39
1222.83
1223.94
1225.41
1226.89
1227.93
1228.65
1229.53
1230.76
1232.3
1232.43
1234.68
1237.32
1241.84
1242.99
1244.54
1245.58
1247.35
1247.49
1249.93
1250.8
1252.26
1254.78
1256.15
1256.5
1258.83
1260.32
1262.52
1264.89
1265.05
1267.71
1267.76
1269.35
1270.49
1272.9
1274.37
1275.92
1277.47
1279.1
1281.86
1282.32
1284.84
1286.48
1288.08
1289.19
1291.91
1292.98
1293.63
1294.87
1296.44
1297.41
1299.22
1300.8
1301.92
1302.27
1302.33
1304.52
1306.83
1307.4
1309.58
1311.97
1312.47
1314.68
1315.07
1317.88
1318.65
1319.33
1320.87
1322.78
1323.79
1325.14
1327.36
1328.94
1330.06
1330.39
1331.96
1333.17
1333.58
1335.05
1335.92
1337.69
1339.66
1340.39
1341.09
1343.64
1344.53
1345.56
1347.04
1347.24
1350.7
1350.76
1352.82
1353.87
1356.72
1359.63
1359.89
1360.93
1361.43
1361.63
1363.56
1364.79
1366.17
1366.5
1367.88
1368.2
1369.41
1370.05
1370.34
1373.29
1375.3
1375.4
1376.63
1377.03
1378.63
1379.45
1380.62
1382.17
1383.14
1385.92
1387.51
1389.2
1389.44
1390.3
1395.21
1396.07
1397.03
1402.11
1404.33
1405.95
1406.5
1407.03
1408.98
1409.67
1411.78
1413.01
1413.05
1414.26
1416.17
1418.16
1419.67
1421.79
1423.39
1425.6
1426.19
1428.87
1430.03
1432.16
1433.59
1435.76
1437.89
1438.4
1439.05
1440.45
1441.95
1442.46
1444.46
1446.67
1447.92
1449.81
1451.38
1452.94
1454.22
1456.74
1456.85
1457.76
1459.06
1461.45
1462.96
1464.09
1465.3
1467.57
1469.97
1470.8
1472.49
1473.73
1474.39
1476.39
1476.53
1477.08
1479.37
1479.94
1480.71
1482.08
1482.79
1484.51
1486.04
1487.49
1489.21
1490.14
1491.95
1492.26
1493.86
1494.43
1496.52
1497.06
1497.78
1499.28
1499.7
1501.46
1504.64
1505.63
1506.18
1508.31
1509.76
1510.18
1511.07
1511.67
1513.06
1513.09
1515.26
1517.73
1517.76
1519.31
1523.52
1526.85
1527.39
1529.28
1531.91
1532.02
1537.68
1539.54
1540.95
1542.65
1542.99
1543.02
1544.88
1545.2
1546.68
1547.7
1549.29
1551.99
1552.61
1553.79
1554.49
1556.43
1557.06
1557.22
1559.24
1560.74
1561.14
1562.11
1562.9
1563.58
1564.85
1565.55
1566.74
1569.21
1571.13
1573.81
1575.14
1576.67
1578.32
1580.58
1582.45
1583.68
1589.08
1591.72
1593.75
1594.21
1595.45
1596.12
1598.23
1600.05
1601.39
1603.35
1605.35
1606.47
1608.11
1608.34
1610.98
1611.89
1612.2
1613.32
1614.5
1615.22
1616.74
1617.49
1618.48
1619.84
1621.37
1623.36
1623.74
1624.56
1626.6
1628.86
1629.39
1629.77
1631.98
1633.96
1634.2
1634.84
1636.2
1638.12
1638.68
1641.1
1641.69
1643.11
1643.49
1645.78
1647.69
1647.99
1649.51
1651.3
1652.72
1653.59
1654.4
1654.88
1656.96
1659.6
1660.49
1660.87
1661.15
1663.38
1664.19
1666.09
1667.29
1667.91
1669.01
1669.12
1670.84
1671.15
1672.93
1673.59
1675.41
1675.83
1677.85
1678.58
1678.87
1680.45
1680.91
1681.22
1682.85
1683.97
1684.98
1686.34
1687.27
1687.31
1689.26
1690.22
1692.92
1693.94
1694.74
1695.69
1696.77
1697.46
1697.55
1698.58
1700.49
1701.09
1703.3
1704.54
1706.2
1707.34
1709.93
1710.35
1712.32
1714.0
1715.98
1716.14
1718.48
1719.48
1720.09
1721.76
1723.84
1724.42
1726.37
1727.04
1729.63
1730.47
1732.38
1733.13
1735.97
1736.22
1738.26
1739.26
1741.27
1742.51
1743.7
1744.77
1746.33
1747.47
1749.22
1750.43
1752.64
1753.16
1755.76
1756.26
1758.75
1759.29
1761.88
1762.11
1764.6
1765.33
1767.43
1768.19
1769.45
1770.55
1772.36
1773.95
1775.43
1776.33
1778.65
1779.31
1781.14
1782.34
1784.17
1785.3
1787.04
1788.42
1790.3
1791.09
1792.45
1793.38
1795.14
1796.7
1798.36
