0.0	125.712	main	125.712	3492	76
1.0	126.868	main	125.868	3492	75
0.1	128.031	main	126.031	3492	74
1.1	129.911	main	126.911	3492	73
1.2	132.11	main	126.11	3492	72
0.2	132.64	main	127.64	3492	71
1.3	135.034	main	126.034	3492	70
0.3	135.941	main	127.941	3492	69
0.4	138.913	main	127.913	3492	68
1.4	140.247	main	128.247	3492	67
0.5	141.729	main	127.729	3492	66
1.5	142.458	main	127.458	3492	65
0.6	144.749	main	127.749	3492	64
1.6	145.622	main	127.622	3492	63
0.7	148.752	main	128.752	3492	62
1.7	149.947	main	128.947	3492	61
1.8	151.458	main	127.458	3492	60
0.8	151.915	main	128.915	3492	59
0.9	153.23	main	128.23	3492	58
1.9	155.435	main	129.435	3492	57
0.10	156.61	main	128.61	3492	56
1.10	158.773	main	129.773	3492	55
0.11	159.21	main	128.21	3492	54
1.11	161.159	main	129.159	3492	53
0.12	162.604	main	128.604	3492	52
1.12	164.003	main	129.003	3492	51
0.13	165.202	main	128.202	3492	50
1.13	168.223	main	130.223	3492	49
0.14	168.595	main	128.595	3492	48
1.14	170.466	main	129.466	3492	47
0.15	171.394	main	128.394	3492	46
1.15	173.12	main	129.12	3492	45
0.16	174.464	main	128.464	3492	44
1.16	176.822	main	129.822	3492	43
0.17	177.664	main	129.664	3492	42
1.17	178.732	main	129.732	3492	41
0.18	180.486	main	129.486	3492	40
1.18	181.851	main	129.851	3492	39
0.19	183.489	main	129.489	3482	38
1.19	184.588	main	129.588	3492	37
0.20	187.286	main	130.286	3492	36
1.20	188.643	main	130.643	3492	35
0.21	189.924	main	129.924	3492	34
1.21	190.665	main	129.665	3492	33
0.22	192.207	main	129.207	3492	32
1.22	193.716	main	129.716	3492	31
0.23	195.495	main	129.495	3492	30
1.23	197.188	main	130.188	3492	29
0.24	198.662	main	129.662	3492	28
1.24	199.32	main	129.32	3492	27
0.25	201.869	main	129.869	3492	26
1.25	202.068	main	129.068	3492	25
0.26	204.183	main	130.183	3492	24
1.26	205.56	main	130.56	3492	23
0.27	207.101	main	130.101	3492	22
1.27	208.721	main	130.721	3492	21
0.28	210.618	main	130.618	3492	20
1.28	211.429	main	130.429	3492	19
0.29	213.039	main	130.039	3492	18
1.29	214.852	main	130.852	3492	17
0.30	215.705	main	129.705	3492	16
1.30	217.968	main	130.968	3492	15
0.31	218.699	main	129.699	3492	14
1.31	220.039	main	130.039	3492	13
0.32	222.857	main	130.857	3492	12
1.32	223.924	main	130.924	3492	11
0.33	225.866	main	130.866	3492	10
1.33	226.999	main	130.999	3492	9
0.34	228.845	main	131.845	3492	8
1.34	229.519	main	131.519	3492	7
0.35	230.46	main	130.46	3492	6
1.35	232.86	main	131.86	3492	5
0.36	233.291	main	130.291	3492	4
0.37	236.483	main	130.483	3492	3
1.36	236.768	main	132.768	3492	2
1.37	238.885	main	131.885	3492	1
0.38	239.996	main	130.996	3492	0
1.38	244.844	bypass	134.844	3497.57	82
0.39	247.503	bypass	135.503	3497.57	81
1.39	249.601	bypass	136.601	3497.57	80
0.40	251.35	bypass	136.35	3497.57	79
1.40	253.485	bypass	137.485	3497.57	78
0.41	255.072	bypass	137.072	3497.57	77
1.41	257.769	bypass	138.769	3497.57	76
0.42	259.573	bypass	139.573	3497.57	75
1.42	262.902	bypass	141.902	3497.57	74
0.43	264.862	bypass	141.862	3497.57	73
1.43	266.992	bypass	142.992	3497.57	72
0.44	268.492	bypass	142.492	3497.57	71
1.44	270.603	bypass	143.603	3497.57	70
0.45	272.73	bypass	143.73	3497.57	69
1.45	274.192	bypass	144.192	3497.57	68
0.46	276.841	bypass	144.841	3497.57	67
1.46	279.843	bypass	146.843	3497.57	66
0.47	281.607	bypass	146.607	3497.57	65
1.47	283.465	bypass	147.465	3497.57	64
0.48	285.623	bypass	147.623	3497.57	63
1.48	287.744	bypass	148.744	3497.57	62
0.49	289.993	bypass	148.993	3497.57	61
1.49	291.098	bypass	149.098	3497.57	60
0.50	293.052	bypass	149.052	3497.57	59
1.50	295.094	bypass	150.094	3497.57	58
0.51	297.643	bypass	151.643	3497.57	57
1.51	300.21	bypass	153.21	3497.57	56
0.52	302.638	bypass	153.638	3497.57	55
1.52	304.959	bypass	154.959	3497.57	54
0.53	306.573	bypass	154.573	3497.57	53
1.53	310.308	bypass	157.308	3497.57	52
1.54	312.457	bypass	156.457	3497.57	51
0.54	314.838	bypass	159.838	3497.57	50
1.56	316.532	bypass	154.532	3497.57	49
0.55	319.339	bypass	161.339	3497.57	48
1.57	322.315	bypass	157.315	3497.57	47
1.58	324.695	bypass	156.695	3497.57	46
1.59	326.334	bypass	156.334	3497.57	45
0.57	329.284	bypass	165.284	3497.57	44
1.63	331.048	bypass	149.048	3497.57	43
0.59	333.608	bypass	164.608	3497.57	42
1.64	336.734	bypass	151.734	3497.57	41
1.65	338.73	bypass	150.73	3497.57	40
1.55	340.163	bypass	181.163	3497.57	39
1.66	342.083	bypass	151.083	3497.57	38
1.60	344.308	bypass	171.308	3497.57	37
0.56	347.838	bypass	186.838	3497.57	36
1.67	350.621	bypass	157.621	3497.57	35
1.69	352.341	bypass	153.341	3497.57	34
1.68	355.386	bypass	159.386	3497.57	33
1.61	357.74	bypass	181.74	3497.57	32
0.58	360.329	bypass	193.329	3497.57	31
1.71	364.347	bypass	159.347	3497.57	30
0.60	366.623	bypass	194.623	3497.57	29
0.61	368.428	bypass	193.428	3497.57	28
1.62	370.779	bypass	191.779	3497.57	27
1.72	373.519	bypass	165.519	3497.57	26
0.64	375.911	bypass	191.911	3497.57	25
0.62	378.806	bypass	200.806	3497.57	24
0.67	381.121	bypass	189.121	3497.57	23
0.63	385.939	bypass	204.939	3497.57	22
1.74	387.625	bypass	173.625	3497.57	21
1.73	390.638	bypass	179.638	3497.57	20
0.69	393.854	bypass	195.854	3497.57	19
0.65	397.422	bypass	210.422	3497.57	18
1.75	399.726	bypass	182.726	3497.57	17
1.76	401.399	bypass	182.399	3497.57	16
0.80	402.639	main	172.639	3492	106
0.66	403.753	bypass	213.753	3497.57	15
1.80	405.413	main	174.413	3492	107
0.72	405.633	bypass	198.633	3497.57	14
1.81	407.532	main	173.532	3492	108
1.70	408.361	bypass	206.361	3497.57	13
1.82	409.144	main	172.144	3492	108
0.74	410.04	bypass	197.04	3497.57	12
0.68	412.624	bypass	217.624	3497.57	11
1.83	412.8	main	172.8	3492	110
1.84	415.08	main	173.08	3492	111
1.77	415.224	bypass	193.224	3497.57	10
1.86	416.129	main	168.129	3492	110
1.85	417.012	main	172.012	3492	111
0.76	417.967	bypass	199.967	3497.57	9
0.70	419.702	bypass	218.702	3497.57	8
0.81	420.028	main	187.028	3492	112
1.87	420.701	main	169.701	3492	112
0.71	421.417	bypass	217.417	3497.57	7
1.78	423.091	bypass	198.091	3497.57	6
0.82	423.281	main	187.281	3492	113
1.88	423.434	main	169.434	3492	112
1.89	425.037	main	168.037	3492	113
0.73	425.159	bypass	215.159	3497.57	5
0.83	426.582	main	187.582	3492	112
0.78	427.465	bypass	203.465	3497.57	4
1.90	428.933	main	168.933	3492	113
0.84	429.425	main	188.425	3492	112
1.79	430.076	bypass	202.076	3497.57	3
1.91	431.49	main	168.49	3492	113
0.85	432.082	main	188.082	3492	112
0.75	432.352	bypass	216.352	3497.57	2
1.92	433.251	main	168.251	3492	113
0.77	434.705	bypass	213.705	3497.57	1
0.86	435.997	main	188.997	3492	113
1.93	436.024	main	168.024	3492	112
0.79	436.709	bypass	209.709	3497.57	0
0.87	438.456	main	188.456	3492	113
1.94	439.138	main	168.138	3492	113
0.88	441.223	main	188.223	3492	112
1.95	442.057	main	168.057	3492	112
0.89	443.021	main	187.021	3492	112
1.96	445.999	main	168.999	3492	113
0.90	446.649	main	187.649	3492	112
1.97	448.255	main	168.255	3492	112
0.91	448.394	main	186.394	3492	111
1.98	451.406	main	168.406	3492	113
0.92	452.82	main	188.82	3492	113
1.99	454.721	main	168.721	3492	113
0.93	455.633	main	188.633	3492	113
1.100	457.873	main	168.873	3492	113
0.94	458.96	main	188.96	3492	113
0.95	461.094	main	188.094	3492	113
1.101	461.349	main	170.349	3492	112
1.102	463.329	main	169.329	3492	113
0.96	463.899	main	187.899	3492	112
1.103	466.263	main	169.263	3492	113
0.97	466.588	main	187.588	3492	112
0.98	469.158	main	187.158	3492	113
1.104	469.974	main	169.974	3492	112
0.99	471.424	main	186.424	3492	112
1.105	472.962	main	169.962	3492	113
0.100	474.379	main	186.379	3492	113
1.106	475.306	main	169.306	3492	112
1.107	477.205	main	168.205	3482	113
0.101	477.34	main	187.34	3492	112
1.108	480.573	main	168.573	3492	113
0.102	480.785	main	187.785	3492	112
0.103	482.743	main	186.743	3492	113
1.109	483.724	main	169.724	3492	112
1.110	486.317	main	169.317	3492	113
0.104	486.595	main	187.595	3492	112
0.105	489.324	main	187.324	3492	113
1.111	490.155	main	170.155	3492	112
0.106	492.174	main	187.174	3492	113
1.112	492.422	main	169.422	3492	112
0.107	494.395	main	186.395	3492	112
1.113	495.606	main	169.606	3492	112
0.108	497.62	main	186.62	3492	113
1.114	498.216	main	169.216	3492	112
0.109	500.788	main	187.788	3492	113
1.115	501.504	main	169.504	3492	113
0.110	503.979	main	187.979	3492	113
1.116	504.586	main	169.586	3492	113
1.117	506.252	main	169.252	3492	113
0.111	506.627	main	187.627	3492	112
0.112	508.677	main	186.677	3492	113
1.118	509.24	main	169.24	3492	112
0.113	511.074	main	186.074	3492	112
1.119	512.193	main	169.193	3492	112
0.114	514.107	main	186.107	3492	113
1.120	515.124	main	169.124	3492	112
0.115	517.563	main	186.563	3492	112
1.121	518.586	main	169.586	3492	112
0.116	519.99	main	185.99	3492	112
1.122	520.632	main	168.632	3492	112
0.117	522.526	main	186.526	3492	112
1.123	523.383	main	168.383	3492	112
0.118	525.923	main	186.923	3492	113
1.124	526.187	main	168.187	3492	112
0.119	528.003	main	186.003	3492	112
1.125	529.117	main	168.117	3492	112
0.120	530.922	main	185.922	3492	112
1.126	532.091	main	169.091	3492	112
1.127	535.746	main	169.746	3492	113
0.122	536.952	main	185.952	3492	113
1.128	538.34	main	169.34	3492	112
0.123	539.675	main	185.675	3492	111
0.124	541.24	main	184.24	3492	110
1.129	541.732	main	169.732	3492	109
1.130	543.939	main	168.939	3492	108
0.125	544.91	main	184.91	3492	107
1.131	546.216	main	168.216	3492	106
0.126	547.685	main	185.685	3492	105
1.132	549.147	main	168.147	3492	104
0.127	550.934	main	184.934	3492	103
1.133	552.479	main	168.479	3492	102
0.128	553.591	main	184.591	3492	101
1.134	555.882	main	169.882	3492	100
0.129	556.746	main	183.746	3492	99
0.130	558.895	main	182.895	3492	98
1.135	558.93	main	169.93	3492	97
1.136	560.241	main	168.241	3492	96
0.131	561.227	main	181.227	3492	95
1.137	563.065	main	168.065	3492	94
0.132	564.519	main	181.519	3492	93
1.138	566.331	main	168.331	3492	92
0.133	567.429	main	181.429	3492	91
1.139	569.39	main	168.39	3492	90
0.134	571.413	main	182.413	3492	89
1.140	572.2	main	168.2	3492	88
0.135	573.423	main	182.423	3492	87
1.141	575.344	main	168.344	3492	86
0.136	576.002	main	182.002	3492	85
1.142	577.879	main	168.879	3492	84
0.137	578.057	main	182.057	3492	83
1.143	580.572	main	168.572	3492	82
0.138	581.873	main	182.873	3492	81
1.144	583.325	main	168.325	3492	80
0.139	584.782	main	183.782	3492	79
1.145	586.001	main	168.001	3492	78
0.140	587.083	main	184.083	3492	77
1.146	589.966	main	168.966	3492	76
0.141	590.239	main	184.239	3492	75
1.147	591.07	main	167.07	3492	74
0.142	593.083	main	185.083	3492	73
1.148	594.482	main	167.482	3492	72
0.143	595.204	main	184.204	3492	71
1.149	597.856	main	167.856	3492	70
0.144	598.544	main	184.544	3492	69
1.150	600.974	main	167.974	3492	68
0.145	601.218	main	184.218	3492	67
1.151	603.105	main	168.105	3492	66
0.146	604.445	main	184.445	3492	65
1.152	606.107	main	168.107	3492	64
0.147	606.438	main	183.438	3492	63
0.148	609.594	main	183.594	3492	62
1.153	609.91	main	168.91	3492	61
1.154	611.631	main	167.631	3492	60
0.149	612.923	main	183.923	3492	59
1.155	614.986	main	167.986	3492	58
0.150	615.992	main	183.992	3492	57
1.156	616.432	main	166.432	3492	56
0.151	617.162	main	183.162	3492	55
0.152	620.15	main	183.15	3492	54
1.157	620.351	main	167.351	3492	53
0.153	623.27	main	183.27	3492	52
1.158	623.468	main	167.468	3492	51
1.159	625.957	main	167.957	3492	50
0.154	626.144	main	183.144	3492	49
1.160	628.632	main	167.632	3492	48
0.155	629.413	main	183.413	3492	47
1.161	631.015	main	167.015	3492	46
0.156	632.339	main	183.339	3492	45
1.162	634.225	main	167.225	3492	44
0.157	635.788	main	183.788	3492	43
1.163	637.809	main	167.809	3492	42
0.158	637.856	main	182.856	3492	41
1.164	639.925	main	166.925	3492	40
0.159	640.947	main	183.947	3492	39
1.165	642.1	main	166.1	3492	38
0.160	642.738	main	182.738	3492	37
1.166	645.623	main	166.623	3492	36
0.161	646.467	main	183.467	3492	35
1.167	648.832	main	167.832	3492	34
0.162	649.252	main	183.252	3492	33
1.168	651.814	main	167.814	3492	32
0.163	652.503	main	183.503	3492	31
1.169	654.648	main	167.648	3492	30
0.164	654.975	main	182.975	3492	29
1.181	657.018	bypass	135.018	3497.57	82
1.170	657.732	main	167.732	3492	28
0.182	659.862	bypass	135.862	3497.57	83
1.171	660.191	main	167.191	3492	27
0.166	660.284	main	182.284	3492	26
1.182	661.885	bypass	136.885	3497.57	84
1.172	662.35	main	166.35	3492	25
0.167	663.621	main	183.621	3492	24
0.183	663.8	bypass	136.8	3497.57	84
1.173	665.001	main	166.001	3492	23
0.168	665.433	main	182.433	3492	22
1.183	665.837	bypass	137.837	3497.57	85
0.184	667.58	bypass	138.58	3497.57	85
0.169	668.438	main	182.438	3492	21
1.174	668.636	main	166.636	3492	20
1.184	670.897	bypass	140.897	3497.57	86
1.175	671.187	main	166.187	3492	19
0.170	671.497	main	182.497	3492	18
0.185	672.655	bypass	140.655	3497.57	87
1.176	673.876	main	166.876	3492	17
1.185	674.546	bypass	141.546	3497.57	86
0.171	675.862	main	183.862	3492	16
0.186	676.112	bypass	141.112	3497.57	87
1.177	676.448	main	166.448	3492	15
0.172	677.432	main	182.432	3492	14
1.186	678.931	bypass	142.931	3497.57	88
1.178	679.12	main	166.12	3492	13
0.187	680.283	bypass	142.283	3497.57	88
0.173	680.652	main	182.652	3492	12
1.187	682.169	bypass	143.169	3497.57	88
1.179	682.243	main	166.243	3492	11
0.174	683.81	main	182.81	3492	10
0.188	684.364	bypass	143.364	3497.57	88
1.180	684.867	main	165.867	3492	9
0.175	685.618	main	181.618	3492	8
1.188	686.447	bypass	144.447	3497.57	89
0.181	687.635	main	166.635	3492	7
0.176	688.42	main	182.42	3492	6
0.189	688.58	bypass	144.58	3497.57	89
0.180	690.136	main	172.136	3492	5
1.189	690.701	bypass	145.701	3497.57	90
0.177	691.963	main	182.963	3492	4
0.179	692.808	main	177.808	3492	3
0.190	692.923	bypass	145.923	3497.57	91
0.178	694.278	main	182.278	3492	2
1.190	695.049	bypass	147.049	3497.57	91
0.191	697.988	bypass	147.988	3497.57	92
1.191	699.548	bypass	148.548	3497.57	92
0.192	701.929	bypass	149.929	3497.57	93
1.192	703.208	bypass	150.208	3497.57	92
1.193	705.099	bypass	149.099	3497.57	93
0.193	707.173	bypass	152.173	3497.57	93
1.194	709.357	bypass	150.357	3497.57	93
0.194	712.057	bypass	154.057	3497.57	94
0.195	714.84	bypass	153.84	3497.57	95
1.195	716.086	bypass	154.086	3497.57	96
0.196	718.2	bypass	154.2	3497.57	96
1.196	720.422	bypass	155.422	3497.57	96
0.197	722.106	bypass	155.106	3497.57	97
0.198	724.568	bypass	154.568	3497.57	97
1.197	726.964	bypass	158.964	3497.57	97
0.200	729.018	bypass	153.018	3497.57	98
1.199	731.469	bypass	157.469	3497.57	99
0.199	734.37	bypass	161.37	3497.57	99
1.200	736.428	bypass	159.428	3497.57	100
1.201	740.101	bypass	161.101	3497.57	102
0.202	742.929	bypass	161.929	3497.57	102
1.204	744.623	bypass	156.623	3497.57	102
0.201	747.419	bypass	169.419	3497.57	103
1.207	749.264	bypass	152.264	3497.57	104
1.208	751.851	bypass	151.851	3497.57	103
1.203	753.728	bypass	168.728	3497.57	104
1.209	755.995	bypass	153.995	3497.57	105
1.202	757.132	bypass	175.132	3497.57	104
1.198	759.285	bypass	188.285	3497.57	104
1.213	761.436	bypass	147.436	3497.57	103
1.214	764.478	bypass	147.478	3497.57	104
1.215	766.12	bypass	146.12	3497.57	103
1.217	768.252	bypass	143.252	3497.57	104
1.218	770.757	bypass	142.757	3497.57	104
1.219	772.407	bypass	141.407	3497.57	104
1.220	774.141	bypass	140.141	3497.57	103
0.203	777.837	bypass	193.837	3497.57	104
1.205	779.121	bypass	188.121	3497.57	103
1.221	781.077	bypass	144.077	3497.57	102
1.222	784.853	bypass	144.853	3497.57	101
0.204	786.07	bypass	199.07	3497.57	100
1.223	789.427	bypass	146.427	3497.57	99
1.224	791.168	bypass	145.168	3497.57	98
1.225	793.958	bypass	144.958	3497.57	97
1.206	795.608	bypass	201.608	3497.57	96
1.226	797.583	bypass	146.583	3497.57	95
0.208	799.54	bypass	200.54	3497.57	94
0.205	802.73	bypass	212.73	3497.57	93
1.227	804.818	bypass	150.818	3497.57	92
1.228	807.481	bypass	150.481	3497.57	91
1.229	809.211	bypass	149.211	3497.57	90
0.211	811.14	bypass	204.14	3497.57	89
1.230	814.506	bypass	151.506	3497.57	88
1.231	816.128	bypass	150.128	3497.57	87
1.210	818.464	bypass	213.464	3497.57	86
1.232	820.492	bypass	151.492	3497.57	85
0.206	822.32	bypass	229.32	3497.57	84
1.233	824.241	bypass	152.241	3497.57	83
0.207	826.601	bypass	230.601	3497.57	82
1.234	828.548	bypass	154.548	3497.57	81
0.209	831.367	bypass	230.367	3497.57	80
1.235	833.074	bypass	156.074	3497.57	79
1.212	835.859	bypass	224.859	3497.57	78
1.211	837.506	bypass	229.506	3497.57	77
1.237	839.674	bypass	156.674	3497.57	76
1.236	842.2	bypass	162.2	3497.57	75
1.216	845.154	bypass	222.154	3497.57	74
0.210	849.895	bypass	245.895	3497.57	73
0.220	851.262	bypass	218.262	3497.57	72
0.212	853.246	bypass	243.246	3497.57	71
0.218	855.132	bypass	228.132	3497.57	70
0.222	857.526	bypass	218.526	3497.57	69
1.238	859.183	bypass	173.183	3497.57	68
0.215	862.146	bypass	243.146	3497.57	67
0.224	865.037	bypass	220.037	3497.57	66
0.213	867.869	bypass	254.869	3497.57	65
1.239	869.804	bypass	180.804	3497.57	64
0.214	871.144	bypass	255.144	3497.57	63
1.240	873.068	bypass	181.068	3497.57	62
0.216	876.419	bypass	254.419	3497.57	61
1.241	879.474	bypass	184.474	3497.57	60
1.242	881.326	bypass	184.326	3497.57	59
0.226	884.813	bypass	234.813	3497.57	58
0.230	886.357	bypass	224.357	3497.57	57
1.243	889.585	bypass	189.585	3497.57	56
0.217	891.914	bypass	267.914	3497.57	55
0.219	893.192	bypass	263.192	3497.57	54
1.244	896.19	bypass	193.19	3497.57	53
1.245	899.44	bypass	193.44	3497.57	52
1.246	902.827	bypass	193.827	3497.57	51
0.232	904.361	bypass	236.361	3497.57	50
0.228	906.425	bypass	250.425	3497.57	49
0.234	909.81	bypass	236.81	3497.57	48
0.221	912.603	bypass	276.603	3497.57	47
1.247	916.755	bypass	204.755	3497.57	46
0.236	918.349	bypass	239.349	3497.57	45
0.223	920.526	bypass	278.526	3497.57	44
0.239	923.868	bypass	235.868	3497.57	43
0.225	925.42	bypass	277.42	3497.57	42
0.238	927.249	bypass	242.249	3497.57	41
0.227	929.248	bypass	276.248	3497.57	40
1.249	932.114	bypass	214.114	3497.57	39
1.248	934.012	bypass	219.012	3497.57	38
0.229	937.862	bypass	278.862	3497.57	37
1.250	939.408	bypass	218.408	3497.57	36
0.241	941.794	bypass	247.794	3497.57	35
0.243	944.346	bypass	245.346	3497.57	34
0.231	946.036	bypass	281.036	3497.57	33
1.251	948.981	bypass	225.981	3497.57	32
1.253	950.866	bypass	221.866	3497.57	31
0.244	953.271	bypass	251.271	3497.57	30
0.233	955.224	bypass	284.224	3497.57	29
0.246	957.52	bypass	249.52	3497.57	28
0.251	960.792	bypass	238.792	3497.57	27
1.252	962.222	bypass	236.222	3497.57	26
0.235	964.93	bypass	288.93	3497.57	25
0.237	966.822	bypass	284.822	3497.57	24
0.249	969.694	bypass	252.694	3497.57	23
1.258	970.286	main	226.286	3492	94
0.240	971.813	bypass	280.813	3497.57	22
0.257	972.366	main	232.366	3492	95
1.254	973.116	bypass	241.116	3497.57	21
1.255	975.982	bypass	240.982	3497.57	20
1.256	978.603	bypass	240.603	3497.57	19
0.242	980.47	bypass	284.47	3497.57	18
0.253	982.814	bypass	254.814	3497.57	17
1.263	984.413	main	226.413	3492	106
0.245	985.493	bypass	280.493	3497.57	16
1.264	987.805	main	226.805	3492	108
0.247	987.981	bypass	276.981	3497.57	15
1.265	989.665	main	225.665	3492	110
1.257	990.271	bypass	249.271	3497.57	14
1.266	992.114	main	225.114	3482	111
0.255	993.703	bypass	259.703	3497.57	13
1.268	995.023	main	223.023	3492	114
1.260	995.133	bypass	246.133	3497.57	12
1.267	995.702	main	226.702	3492	113
1.259	997.167	bypass	251.167	3497.57	11
1.269	998.608	main	223.608	3492	114
0.248	1000.23	bypass	286.234	3497.57	10
1.270	1000.74	main	222.74	3492	116
0.250	1002.27	bypass	282.266	3497.57	9
1.271	1002.47	main	221.468	3492	115
0.262	1003.81	main	249.808	3492	117
1.262	1005.08	bypass	250.078	3497.57	8
1.272	1005.6	main	221.604	3492	117
0.263	1006.52	main	249.52	3492	118
0.261	1007.39	bypass	256.392	3497.57	7
1.273	1008.63	main	221.63	3492	119
0.264	1009.13	main	249.129	3492	118
0.259	1009.25	bypass	264.251	3497.57	6
1.274	1011.41	main	221.413	3492	119
0.265	1012.86	main	249.858	3492	120
0.252	1012.95	bypass	287.952	3497.57	5
1.275	1014.29	main	221.287	3492	119
0.266	1015.86	main	249.857	3492	120
1.261	1016	bypass	264.002	3497.57	4
1.276	1017.28	main	222.282	3492	121
0.254	1018.48	bypass	287.483	3497.57	3
0.267	1018.91	main	250.914	3492	122
1.277	1019.52	main	221.52	3492	121
0.268	1021.63	main	250.625	3492	122
0.256	1021.72	bypass	284.719	3497.57	2
1.278	1022.57	main	221.567	3492	122
0.258	1023.46	bypass	280.456	3497.57	1
0.269	1024.96	main	250.963	3492	124
0.260	1025.24	bypass	277.237	3497.57	0
1.279	1025.8	main	221.799	3492	123
0.270	1026.34	main	249.344	3492	122
1.280	1028.77	main	221.77	3492	125
0.271	1029.56	main	249.557	3492	124
1.281	1031	main	220.998	3492	124
0.272	1032.64	main	249.637	3492	125
1.282	1033.1	main	220.096	3492	124
0.273	1035.58	main	249.58	3492	126
1.283	1036.8	main	220.799	3492	127
0.274	1038.89	main	249.889	3492	128
1.284	1039.91	main	221.912	3492	127
1.285	1041.02	main	220.017	3492	128
0.275	1041.12	main	249.119	3492	127
0.276	1044.94	main	250.941	3492	130
1.286	1045.69	main	221.695	3492	129
0.277	1046.25	main	249.253	3492	130
1.287	1048.02	main	221.016	3492	129
0.278	1049.67	main	249.666	3492	130
1.288	1051.21	main	221.209	3492	130
0.279	1052.7	main	249.699	3492	131
1.289	1054.49	main	221.487	3492	132
0.280	1055.2	main	249.199	3492	131
1.290	1057.51	main	221.512	3492	133
0.281	1057.91	main	248.907	3492	132
0.282	1060.29	main	248.292	3492	134
1.291	1060.51	main	221.509	3492	133
1.292	1063.39	main	221.388	3492	134
0.283	1063.7	main	248.7	3492	133
1.293	1066.84	main	222.843	3492	136
0.284	1066.94	main	249.94	3492	135
1.294	1069.37	main	221.374	3492	137
0.285	1069.96	main	249.96	3492	136
1.295	1071.9	main	220.902	3492	137
0.286	1072.26	main	249.265	3492	137
1.296	1075.82	main	220.821	3492	139
0.287	1075.96	main	249.965	3492	138
1.297	1078.07	main	218.067	3492	139
0.288	1078.49	main	249.491	3492	138
0.289	1080.83	main	248.832	3492	140
1.298	1082.58	main	218.579	3492	140
0.290	1083.56	main	248.562	3492	140
1.299	1084.24	main	216.241	3492	140
0.291	1086.73	main	248.726	3492	142
1.300	1087.9	main	213.901	3492	141
0.292	1089.21	main	249.212	3492	142
1.301	1089.51	main	208.515	3492	142
1.302	1092.82	main	198.824	3492	143
0.293	1092.88	main	248.884	3492	142
0.294	1094.45	main	246.449	3492	143
1.303	1095.43	main	172.434	3492	143
0.295	1097.74	main	246.74	3492	144
1.304	1098.95	main	165.953	3492	144
1.305	1100.72	main	162.719	3492	145
0.296	1100.84	main	245.837	3492	144
1.306	1103.01	main	162.009	3492	145
0.297	1103.88	main	243.885	3492	145
1.307	1106.42	main	163.424	3492	146
0.298	1106.73	main	240.73	3492	145
0.299	1108.55	main	236.547	3492	146
1.308	1109.92	main	163.925	3492	146
0.300	1111.99	main	231.989	3492	147
1.309	1112.48	main	164.483	3492	146
0.301	1114.66	main	199.661	3492	147
1.310	1114.77	main	164.771	3492	146
0.302	1117.34	main	185.338	3492	148
1.311	1117.45	main	165.45	3492	147
0.303	1119.33	main	177.33	3492	146
1.312	1120.99	main	166.988	3492	147
0.304	1122.74	main	173.739	3492	148
1.313	1123.98	main	167.979	3492	148
0.305	1125.07	main	172.067	3492	148
1.314	1125.36	main	167.363	3492	147
1.315	1128.17	main	168.168	3492	146
0.306	1128.91	main	172.914	3492	145
0.307	1130.93	main	171.929	3492	144
1.316	1131.69	main	169.693	3492	143
0.308	1133.84	main	172.842	3492	142
1.317	1134.71	main	170.709	3492	141
0.309	1136.25	main	173.25	3492	140
1.318	1137.41	main	171.413	3492	139
0.310	1139.51	main	173.507	3492	138
1.319	1140.68	main	171.683	3492	137
1.320	1142.03	main	171.032	3492	136
0.311	1142.5	main	174.495	3492	135
0.312	1144.99	main	174.985	3492	134
1.321	1145.66	main	172.657	3492	133
0.313	1147.09	main	175.092	3492	132
1.322	1148.9	main	173.904	3492	131
0.314	1150.43	main	176.428	3492	130
1.323	1151.29	main	174.285	3492	129
0.315	1152.92	main	175.921	3492	128
1.324	1154.37	main	175.367	3492	127
0.316	1156.02	main	177.017	3492	126
1.325	1156.64	main	175.643	3492	125
0.317	1158.22	main	177.216	3492	124
1.326	1159.77	main	176.773	3492	123
1.327	1162.02	main	177.019	3492	122
0.318	1162.71	main	179.712	3492	121
0.319	1164.65	main	179.653	3492	120
1.328	1166.78	main	179.776	3492	119
0.320	1167.51	main	180.505	3492	118
1.329	1168.71	main	179.715	3492	117
0.321	1170.39	main	181.394	3492	116
1.330	1171.22	main	180.22	3492	115
0.322	1172.65	main	181.647	3492	114
1.331	1174.28	main	181.281	3492	113
0.323	1175.37	main	182.369	3492	112
1.332	1177.59	main	182.587	3492	111
0.324	1178.85	main	183.85	3492	110
1.333	1179.22	main	182.223	3492	109
0.325	1181.83	main	183.835	3492	108
1.334	1182.41	main	183.413	3492	107
0.326	1184.45	main	184.451	3492	106
1.335	1185.15	main	184.148	3492	105
0.327	1187.27	main	185.267	3492	104
1.336	1188.79	main	185.787	3492	103
0.328	1189.09	main	185.087	3492	102
1.337	1190	main	185.001	3492	101
1.338	1193.13	main	186.135	3492	100
0.329	1193.69	main	187.69	3492	99
1.339	1196.63	main	187.628	3492	98
0.330	1196.81	main	188.813	3492	97
0.331	1198.46	main	188.456	3492	96
1.340	1199.88	main	188.877	3492	95
0.332	1201.04	main	189.037	3492	94
1.341	1201.05	main	188.047	3492	93
0.333	1204.67	main	190.675	3492	92
1.342	1205.49	main	190.487	3492	91
0.334	1206.08	main	190.076	3492	90
1.343	1207.9	main	190.896	3492	89
0.335	1209.39	main	191.392	3492	88
1.344	1210.05	main	191.047	3492	87
0.336	1212.05	main	192.049	3492	86
1.345	1213.38	main	192.378	3492	85
0.337	1215.74	main	193.742	3492	84
1.346	1216.74	main	193.738	3492	83
0.338	1218.06	main	194.06	3492	82
1.347	1219.65	main	194.645	3492	81
0.339	1220.66	main	194.658	3492	80
1.348	1222.03	main	195.034	3492	79
0.340	1223.4	main	195.395	3492	78
1.349	1224.7	main	195.704	3492	77
0.341	1226.05	main	196.054	3492	76
1.350	1228.13	main	197.126	3492	75
0.342	1228.51	main	196.508	3492	74
1.351	1230.07	main	197.067	3492	73
0.343	1230.55	main	196.549	3492	72
1.352	1232.81	main	197.812	3492	71
0.344	1234.28	main	198.279	3492	70
1.353	1235.83	main	198.827	3492	69
0.345	1237.27	main	199.268	3492	68
1.354	1239.24	main	200.24	3492	67
0.346	1240.59	main	200.59	3492	66
1.355	1242.47	main	201.469	3492	65
0.347	1243.92	main	201.919	3492	64
1.356	1245.25	main	202.249	3492	63
0.380	1245.87	bypass	136.87	3497.57	77
0.348	1246.12	main	202.124	3492	62
1.386	1247.8	bypass	135.805	3497.57	77
1.357	1248.22	main	203.223	3492	61
0.349	1249.93	main	203.933	3492	60
0.381	1250.92	bypass	139.916	3497.57	77
1.358	1250.94	main	203.937	3492	59
0.350	1252.07	main	204.067	3492	58
1.359	1253.71	main	204.713	3492	57
0.382	1253.8	bypass	140.802	3497.57	76
0.351	1255.56	main	205.558	3492	56
1.360	1256.6	main	205.604	3492	55
0.383	1256.62	bypass	141.619	3497.57	76
0.352	1258.47	main	206.471	3492	54
1.361	1259.13	main	206.132	3492	53
1.388	1259.18	bypass	141.179	3497.57	75
0.353	1260.65	main	206.646	3492	52
1.362	1262.1	main	207.101	3492	51
0.354	1263	main	207.005	3492	50
0.384	1263.66	bypass	146.661	3497.57	74
1.363	1265.19	main	208.193	3492	49
0.355	1267.37	main	209.37	3492	48
1.364	1267.57	main	208.57	3492	47
0.385	1268.55	bypass	149.551	3497.57	73
0.356	1269.34	main	209.344	3492	46
1.365	1270.71	main	209.711	3492	45
0.357	1272.66	main	210.659	3492	44
1.387	1272.67	bypass	157.667	3497.57	72
1.366	1273.31	main	210.311	3492	43
0.358	1275.46	main	211.458	3492	42
0.386	1275.47	bypass	154.466	3497.57	71
1.367	1276.48	main	211.481	3492	41
0.359	1277.68	main	211.68	3492	40
1.389	1279.54	bypass	158.536	3497.57	71
1.368	1279.68	main	212.679	3492	39
0.360	1281	main	212.998	3492	38
1.390	1281.56	bypass	157.556	3497.57	70
1.369	1282.83	main	213.833	3492	37
0.361	1283.2	main	213.203	3492	36
0.387	1283.38	bypass	160.38	3497.57	69
1.391	1285.21	bypass	158.21	3497.57	68
1.370	1285.92	main	214.923	3492	35
0.362	1286.39	main	214.393	3492	34
1.371	1288.46	main	215.46	3492	33
0.388	1288.65	bypass	162.647	3497.57	67
0.363	1289.63	main	215.631	3492	32
1.392	1290.78	bypass	161.776	3497.57	67
1.372	1291.45	main	216.452	3492	31
0.364	1292.21	main	215.209	3492	30
0.390	1293.72	bypass	163.723	3497.57	66
0.365	1294.54	main	215.536	3492	29
1.373	1294.68	main	217.681	3492	28
0.389	1296.18	bypass	168.184	3497.57	65
1.374	1296.38	main	217.383	3492	27
0.366	1297.54	main	216.536	3492	26
1.393	1298.5	bypass	166.495	3497.57	64
1.375	1298.96	main	217.956	3492	25
0.367	1301.56	main	218.555	3492	24
0.392	1301.96	bypass	167.963	3497.57	63
1.376	1302.29	main	219.285	3492	23
0.368	1303.08	main	218.084	3492	22
0.391	1303.32	bypass	171.318	3497.57	63
1.377	1305.53	main	219.535	3492	21
0.369	1306.25	main	219.251	3492	20
0.395	1306.7	bypass	166.704	3497.57	64
1.394	1308.02	bypass	173.019	3497.57	63
1.378	1308.07	main	219.071	3492	19
0.370	1309.99	main	220.99	3492	18
0.393	1310.95	bypass	174.951	3497.57	63
1.379	1311.7	main	219.703	3492	17
0.371	1312.43	main	221.432	3492	16
1.395	1312.62	bypass	174.624	3497.57	62
1.380	1313.65	main	218.653	3492	15
0.394	1314.43	bypass	176.431	3497.57	61
0.372	1315.38	main	222.383	3492	14
1.396	1316.33	bypass	175.326	3497.57	60
1.381	1316.67	main	218.669	3492	13
0.373	1317.66	main	222.659	3492	12
1.382	1319.52	main	218.525	3492	11
0.396	1319.79	bypass	177.785	3497.57	60
0.374	1320.1	main	223.096	3492	10
0.402	1321.54	bypass	164.539	3497.57	60
0.375	1323.32	main	224.32	3492	9
1.383	1323.57	main	219.574	3492	8
0.399	1324.41	bypass	175.413	3497.57	59
1.384	1325.58	main	219.585	3492	7
0.376	1326.34	main	225.336	3492	6
1.402	1326.57	bypass	168.568	3497.57	60
1.385	1328.08	main	219.083	3492	5
1.397	1328.55	bypass	184.553	3497.57	60
0.377	1329.52	main	226.516	3492	4
0.397	1330.16	bypass	186.159	3497.57	59
0.378	1331.41	main	226.412	3492	3
0.379	1332.03	main	225.032	3492	2
1.398	1333.33	bypass	186.328	3497.57	60
0.398	1335.53	bypass	189.532	3497.57	60
1.399	1337.72	bypass	187.723	3497.57	60
0.400	1339.97	bypass	187.969	3497.57	60
1.400	1341.55	bypass	188.549	3497.57	60
0.401	1343.11	bypass	189.111	3497.57	60
0.405	1345.97	bypass	179.974	3497.57	61
1.404	1347.45	bypass	183.447	3497.57	60
0.403	1350.46	bypass	190.462	3497.57	60
1.401	1352.48	bypass	197.477	3497.57	59
1.403	1354.54	bypass	193.535	3497.57	60
1.405	1356.82	bypass	189.816	3497.57	61
0.406	1358.2	bypass	189.201	3497.57	61
0.404	1360.92	bypass	197.917	3497.57	61
0.407	1362.53	bypass	190.525	3497.57	60
1.406	1364.39	bypass	194.386	3497.57	60
0.408	1366.59	bypass	191.587	3497.57	59
1.411	1368.6	bypass	184.599	3497.57	59
1.409	1370.77	bypass	192.769	3497.57	60
1.408	1373.96	bypass	197.956	3497.57	60
1.407	1375.76	bypass	202.762	3497.57	61
0.409	1377.36	bypass	200.363	3497.57	60
0.411	1379.63	bypass	196.628	3497.57	62
0.410	1381.8	bypass	201.804	3497.57	62
0.412	1383.8	bypass	197.795	3497.57	62
1.410	1385	bypass	204.002	3497.57	61
0.417	1387.66	bypass	187.663	3497.57	62
0.414	1389.94	bypass	197.945	3497.57	61
1.412	1392.44	bypass	205.437	3497.57	62
1.413	1395.06	bypass	205.063	3497.57	62
0.419	1398.18	bypass	192.176	3497.57	62
0.413	1401.83	bypass	212.835	3497.57	61
0.415	1403.4	bypass	208.404	3497.57	62
0.416	1405.38	bypass	207.382	3497.57	61
0.422	1407.89	bypass	192.894	3497.57	60
1.415	1411.26	bypass	215.263	3497.57	60
1.416	1413.71	bypass	214.714	3497.57	60
0.418	1415.37	bypass	212.37	3497.57	59
1.414	1418.61	bypass	225.613	3497.57	59
0.420	1420.48	bypass	211.481	3497.57	58
1.417	1422.99	bypass	221.99	3497.57	60
1.418	1424.61	bypass	220.606	3497.57	59
1.419	1427.31	bypass	220.305	3497.57	59
0.424	1429.16	bypass	208.162	3497.57	59
0.425	1431.62	bypass	207.624	3497.57	60
0.426	1433.62	bypass	207.624	3497.57	59
0.421	1436.92	bypass	224.919	3497.57	58
0.423	1438.73	bypass	220.726	3497.57	57
0.427	1441.94	bypass	212.944	3497.57	56
0.429	1444.48	bypass	209.482	3497.57	55
0.428	1446.24	bypass	214.242	3497.57	54
1.420	1448.79	bypass	238.789	3497.57	53
0.431	1451.08	bypass	210.081	3497.57	52
1.421	1453.09	bypass	240.091	3497.57	51
1.422	1455.66	bypass	239.657	3497.57	50
0.432	1457.23	bypass	213.225	3497.57	49
1.423	1460.35	bypass	241.345	3497.57	48
0.433	1462.82	bypass	215.819	3497.57	47
0.434	1464.63	bypass	215.632	3497.57	46
1.424	1466.71	bypass	244.71	3497.57	45
1.425	1469.48	bypass	244.483	3497.57	44
0.430	1471.22	bypass	233.216	3497.57	43
1.427	1473.21	bypass	243.208	3497.57	42
0.436	1476.12	bypass	221.123	3497.57	41
1.426	1478.92	bypass	251.915	3497.57	40
1.430	1481.72	bypass	242.718	3497.57	39
1.429	1483.38	bypass	247.379	3497.57	38
1.431	1485.99	bypass	243.987	3497.57	37
1.428	1488.08	bypass	255.083	3497.57	36
1.432	1490.3	bypass	245.303	3497.57	35
1.433	1492	bypass	244.003	3497.57	34
0.438	1494.67	bypass	233.674	3497.57	33
0.435	1497.92	bypass	245.916	3497.57	32
1.434	1499.15	bypass	249.148	3497.57	31
1.435	1501	bypass	248.001	3497.57	30
1.436	1503.72	bypass	247.725	3497.57	29
1.437	1505.86	bypass	246.856	3497.57	28
0.439	1508	bypass	243.999	3497.57	27
0.441	1509.38	bypass	239.383	3497.57	26
0.437	1512.74	bypass	254.742	3497.57	25
1.438	1514.42	bypass	252.424	3497.57	24
1.439	1516.91	bypass	251.915	3497.57	23
0.442	1518.81	bypass	246.813	3497.57	22
1.440	1520.01	bypass	252.005	3497.57	21
1.441	1522.7	bypass	251.7	3497.57	20
0.440	1525.5	bypass	258.496	3497.57	19
0.443	1527.07	bypass	252.07	3497.57	18
0.445	1529.95	bypass	248.946	3497.57	17
1.443	1531.72	bypass	255.716	3497.57	16
1.442	1534.32	bypass	261.324	3497.57	15
0.444	1537.44	bypass	259.437	3497.57	14
0.446	1539.09	bypass	255.091	3497.57	13
1.444	1542.84	bypass	263.836	3497.57	12
1.445	1544	bypass	262.002	3497.57	11
0.448	1547.57	bypass	257.566	3497.57	10
1.452	1548.25	main	244.255	3492	110
1.447	1549.07	bypass	261.067	3497.57	9
1.453	1551.04	main	243.036	3492	112
1.446	1551.25	bypass	266.254	3497.57	8
1.454	1552.83	main	240.828	3492	113
1.448	1554.84	bypass	263.845	3497.57	7
1.455	1555.22	main	239.225	3492	114
1.449	1556.2	bypass	262.203	3497.57	6
1.456	1557.19	main	236.187	3492	115
1.451	1558.02	bypass	258.018	3497.57	5
1.457	1559.63	main	231.628	3492	116
0.452	1560.3	main	259.3	3492	116
0.447	1560.3	bypass	273.3	3497.57	4
1.458	1561.64	main	225.641	3492	116
1.450	1562.8	bypass	265.804	3497.57	3
0.453	1563.27	main	259.275	3492	117
0.450	1564.41	bypass	268.415	3497.57	2
1.459	1564.98	main	206.983	3492	118
0.451	1566.17	bypass	268.172	3497.57	1
0.454	1566.56	main	259.56	3492	118
1.460	1567.43	main	188.434	3492	118
0.449	1569.13	bypass	276.127	3497.57	0
0.455	1569.48	main	259.48	3492	119
1.461	1570.36	main	181.362	3492	120
0.456	1572.87	main	259.874	3492	121
1.462	1573.01	main	178.008	3492	120
0.457	1575.33	main	259.329	3492	121
1.463	1576.54	main	176.539	3492	122
0.458	1578.92	main	258.919	3492	123
1.464	1579.92	main	175.915	3492	122
1.465	1581.64	main	173.637	3492	124
0.459	1581.99	main	258.994	3492	123
0.460	1584.09	main	257.088	3492	124
1.466	1585.23	main	175.233	3492	123
0.461	1586.69	main	255.694	3492	124
0.462	1589.02	main	254.019	3492	125
1.467	1589.81	main	175.806	3492	125
1.468	1591.72	main	174.723	3492	126
0.463	1592.52	main	252.516	3492	127
1.469	1594.8	main	173.796	3492	127
0.464	1595.97	main	249.968	3492	127
1.470	1596.11	main	173.115	3492	126
0.465	1598.62	main	245.623	3492	129
1.471	1599.66	main	173.665	3492	129
0.466	1601.7	main	240.701	3492	129
1.472	1602.67	main	172.674	3492	128
0.467	1604.12	main	235.125	3492	130
1.473	1606.28	main	173.283	3492	131
0.468	1607.18	main	230.176	3492	130
1.474	1608.62	main	171.618	3492	130
0.469	1610.32	main	227.32	3492	132
1.475	1611.67	main	170.665	3492	132
0.470	1613.49	main	224.49	3492	132
1.476	1613.71	main	169.708	3492	132
0.471	1615.59	main	221.586	3492	133
1.477	1616.24	main	168.239	3492	133
0.472	1618.39	main	219.391	3492	133
0.473	1620.38	main	216.379	3492	134
1.478	1620.66	main	168.663	3492	134
1.479	1622.88	main	167.883	3492	135
0.474	1624.87	main	215.875	3492	136
1.480	1625.04	main	165.041	3492	135
0.475	1626.57	main	212.574	3492	136
1.481	1628.17	main	164.167	3492	136
0.476	1629.21	main	209.207	3492	136
1.482	1631.21	main	162.206	3492	137
0.477	1632.16	main	206.157	3492	137
1.483	1634.02	main	161.018	3492	138
0.478	1635.23	main	203.227	3492	138
1.484	1637	main	160.001	3492	139
0.479	1638.21	main	200.213	3492	139
1.485	1639.5	main	159.496	3492	139
0.480	1641.35	main	197.352	3492	140
1.486	1642.58	main	159.578	3492	141
0.481	1643.17	main	194.166	3492	141
1.487	1645.44	main	160.444	3492	141
0.482	1646.9	main	191.904	3492	142
1.488	1648.16	main	160.162	3492	142
0.483	1649.15	main	189.152	3492	142
1.489	1651.34	main	161.345	3492	144
0.484	1652.73	main	186.734	3492	143
1.490	1654.89	main	162.889	3492	145
0.485	1655.99	main	183.989	3492	145
1.491	1656.94	main	162.94	3492	145
1.492	1659.18	main	162.183	3492	147
0.486	1659.87	main	180.868	3492	146
0.487	1661.48	main	176.48	3492	146
1.493	1662.11	main	163.11	3492	146
0.488	1664.12	main	172.122	3492	147
1.494	1665.99	main	164.987	3492	148
0.489	1667.58	main	170.577	3492	148
1.495	1668.12	main	165.122	3492	148
0.490	1670.01	main	169.008	3492	147
1.496	1671.95	main	166.952	3492	146
0.491	1673.52	main	168.522	3492	145
1.497	1674.55	main	167.554	3492	144
1.498	1676.95	main	167.945	3492	143
0.492	1676.96	main	169.961	3492	142
0.493	1679.53	main	169.525	3492	141
1.499	1679.67	main	167.669	3492	140
1.500	1682.32	main	168.317	3492	139
0.494	1682.65	main	170.654	3492	138
0.495	1685.26	main	170.257	3492	137
1.501	1685.86	main	169.86	3492	136
0.496	1687.37	main	170.37	3492	135
1.502	1688.54	main	170.54	3492	134
0.497	1690.61	main	171.613	3492	133
1.503	1691.38	main	171.381	3492	132
1.504	1694.83	main	172.831	3492	131
0.498	1694.91	main	173.909	3492	130
0.499	1696.2	main	173.197	3492	129
1.505	1697.88	main	173.885	3492	128
0.500	1698.81	main	173.812	3492	127
1.506	1700.42	main	174.417	3492	126
0.501	1701.8	main	174.805	3492	125
1.507	1703.67	main	175.668	3492	124
0.502	1704.38	main	175.378	3492	123
1.508	1705.67	main	175.669	3482	122
0.503	1707.05	main	176.054	3492	121
1.509	1708.85	main	176.852	3492	120
0.504	1710.56	main	176.563	3492	119
1.510	1711.34	main	177.336	3492	118
0.505	1713.65	main	177.646	3492	117
1.511	1714.68	main	178.677	3492	116
0.506	1715.79	main	177.787	3492	115
1.512	1717.73	main	179.733	3492	114
0.507	1718.16	main	178.158	3492	113
1.513	1720.75	main	180.746	3492	112
0.508	1721.85	main	179.851	3492	111
1.514	1722.48	main	180.483	3492	110
0.509	1724.07	main	180.074	3492	109
0.510	1726.11	main	180.108	3492	108
1.515	1726.82	main	182.825	3492	107
1.516	1728.23	main	182.227	3492	106
0.511	1729.42	main	181.423	3492	105
1.517	1731.48	main	183.478	3492	104
0.512	1732.22	main	182.215	3492	103
1.518	1734.61	main	184.612	3492	102
0.513	1735.55	main	183.551	3492	101
1.519	1736.1	main	183.1	3492	100
0.514	1738.34	main	184.341	3492	99
1.520	1739.31	main	184.307	3492	98
1.521	1742.04	main	185.04	3492	97
0.516	1744.24	main	186.245	3492	96
1.522	1745.49	main	186.494	3492	95
0.517	1747.99	main	187.986	3492	94
1.523	1748.22	main	187.224	3492	93
0.518	1749.22	main	187.225	3492	92
1.524	1750.23	main	187.23	3492	91
0.519	1752.85	main	188.848	3492	90
1.525	1753.91	main	188.906	3492	89
0.520	1755.33	main	189.326	3492	88
1.526	1756.97	main	189.968	3492	87
0.521	1757.51	main	189.513	3492	86
1.527	1759.53	main	190.526	3492	85
0.522	1759.64	main	189.641	3492	84
1.528	1762.88	main	191.882	3492	83
0.523	1763.1	main	191.1	3492	82
1.529	1765.34	main	192.338	3492	81
0.524	1766.88	main	192.883	3492	80
1.530	1768.54	main	193.538	3492	79
0.525	1770.3	main	194.304	3492	78
1.531	1770.41	main	193.415	3492	77
0.526	1772.96	main	194.964	3492	76
1.532	1773.7	main	194.697	3492	75
0.527	1775.63	main	195.634	3492	74
1.533	1777.21	main	196.208	3492	73
1.534	1779.22	main	196.222	3492	72
0.529	1780.32	main	196.32	3492	71
1.535	1782.54	main	197.545	3492	70
0.530	1783.77	main	197.768	3492	69
1.536	1785.58	main	198.576	3492	68
0.531	1786.09	main	198.095	3492	67
0.563	1788.76	bypass	136.759	3497.57	74
0.532	1788.9	main	198.899	3492	66
1.537	1788.97	main	199.971	3492	65
1.569	1790.6	bypass	137.603	3497.57	73
0.533	1791.8	main	199.803	3492	64
1.538	1791.86	main	200.86	3492	63
1.570	1793.44	bypass	138.442	3497.57	72
0.534	1794.26	main	200.255	3492	62
1.539	1794.28	main	201.281	3492	61
0.564	1795.04	bypass	141.042	3497.57	71
0.565	1797.18	bypass	141.177	3497.57	70
0.535	1797.43	main	201.425	3492	60
1.540	1797.71	main	202.713	3492	59
1.571	1799.42	bypass	142.422	3497.57	69
0.536	1800.19	main	202.194	3492	58
1.541	1800.68	main	203.68	3492	57
0.566	1801.63	bypass	143.629	3497.57	68
1.542	1802.11	main	203.109	3492	56
0.537	1803.17	main	203.169	3492	55
1.572	1803.63	bypass	144.628	3497.57	67
1.543	1805.09	main	204.093	3492	54
0.567	1805.6	bypass	145.605	3497.57	67
0.538	1806.99	main	204.991	3492	53
1.573	1807.09	bypass	146.095	3497.57	66
1.544	1807.52	main	204.516	3492	52
0.568	1809.51	bypass	147.514	3497.57	66
0.539	1809.57	main	205.574	3492	51
1.545	1811.01	main	206.009	3492	50
0.540	1812.83	main	206.83	3492	49
1.574	1812.99	bypass	149.99	3497.57	65
1.546	1813.86	main	206.861	3492	48
0.541	1814.18	main	206.175	3492	47
0.569	1814.24	bypass	150.238	3497.57	64
1.575	1816.16	bypass	151.161	3497.57	63
1.547	1816.67	main	207.671	3492	46
0.542	1817.33	main	207.332	3492	45
0.570	1818.91	bypass	152.907	3497.57	62
0.543	1819.39	main	207.393	3492	44
1.548	1819.5	main	208.5	3492	43
1.576	1820.69	bypass	153.688	3497.57	61
0.571	1822.2	bypass	154.201	3497.57	60
1.549	1822.87	main	209.873	3492	42
0.544	1823.83	main	209.827	3492	41
1.577	1824.6	bypass	155.601	3497.57	59
1.550	1825.66	main	210.657	3492	40
1.578	1826.92	bypass	155.917	3497.57	59
0.545	1826.96	main	210.958	3492	39
0.572	1828.53	bypass	158.53	3497.57	59
0.546	1828.74	main	210.735	3492	38
1.551	1828.86	main	211.857	3492	37
1.552	1830.64	main	211.643	3492	36
1.579	1831.67	bypass	158.671	3497.57	59
0.547	1832.67	main	212.668	3492	35
1.553	1833.12	main	212.121	3492	34
0.573	1833.23	bypass	161.229	3497.57	58
0.548	1834.71	main	212.71	3492	33
0.574	1835.79	bypass	160.787	3497.57	57
1.554	1836.5	main	213.498	3492	32
0.549	1837.29	main	213.291	3492	31
1.580	1837.85	bypass	162.854	3497.57	56
0.575	1839.57	bypass	162.574	3497.57	56
1.555	1839.96	main	214.962	3492	30
0.550	1840.03	main	214.028	3492	29
1.556	1841.06	main	214.058	3492	28
1.581	1841.33	bypass	164.331	3497.57	56
0.551	1843.07	main	215.074	3492	27
0.576	1843.16	bypass	164.156	3497.57	55
1.557	1844.49	main	215.49	3492	26
1.582	1845.66	bypass	166.657	3497.57	55
0.552	1846.02	main	216.021	3492	25
1.558	1846.43	main	215.433	3492	24
0.577	1848.09	bypass	167.088	3497.57	55
0.553	1849.69	main	217.695	3492	23
1.559	1850.87	main	217.873	3492	22
1.583	1850.98	bypass	168.981	3497.57	55
0.554	1851.23	main	217.231	3492	21
0.578	1852.27	bypass	169.267	3497.57	56
1.560	1853.03	main	218.033	3492	20
1.584	1854.81	bypass	170.809	3497.57	55
0.555	1854.81	main	218.813	3492	19
1.561	1856.47	main	219.473	3492	18
0.579	1856.66	bypass	171.664	3497.57	54
0.556	1857.22	main	219.22	3492	17
0.580	1858.38	bypass	171.38	3497.57	53
1.562	1859.93	main	220.929	3492	16
0.557	1860.46	main	220.459	3492	15
1.587	1861.57	bypass	170.567	3497.57	54
1.563	1862.97	main	221.973	3492	14
0.558	1863.12	main	221.125	3492	13
1.585	1863.57	bypass	177.57	3497.57	53
1.564	1864.17	main	221.171	3492	12
0.582	1866.34	bypass	175.337	3497.57	53
0.559	1866.47	main	222.465	3492	11
1.565	1867.88	main	222.883	3492	10
1.586	1868.99	bypass	180.993	3497.57	54
0.560	1869.57	main	223.574	3492	9
1.566	1870.11	main	223.111	3492	8
1.589	1870.71	bypass	173.715	3497.57	53
0.581	1872.48	bypass	183.478	3497.57	52
0.561	1872.93	main	224.928	3492	7
1.567	1873.23	main	224.231	3492	6
1.590	1874.63	bypass	174.63	3497.57	53
1.568	1875.31	main	224.309	3492	5
0.562	1875.58	main	225.578	3492	4
1.588	1877.46	bypass	183.459	3497.57	54
0.584	1879.1	bypass	184.104	3497.57	53
1.591	1881.26	bypass	178.256	3497.57	54
0.583	1885.67	bypass	192.674	3497.57	54
1.595	1887.74	bypass	173.742	3497.57	54
1.592	1890.59	bypass	185.593	3497.57	54
0.587	1893.93	bypass	191.931	3497.57	56
0.585	1895.77	bypass	197.772	3497.57	56
1.594	1898.31	bypass	187.306	3497.57	57
0.586	1901.69	bypass	201.693	3497.57	58
1.596	1903.81	bypass	186.808	3497.57	59
1.597	1905.77	bypass	185.767	3497.57	58
0.591	1907.75	bypass	195.754	3497.57	58
0.588	1909.31	bypass	204.31	3497.57	57
1.593	1912.45	bypass	204.452	3497.57	57
1.598	1914.85	bypass	191.848	3497.57	56
0.590	1916.42	bypass	207.422	3497.57	55
0.592	1919.23	bypass	205.232	3497.57	54
1.600	1921.17	bypass	192.173	3497.57	54
0.589	1923.67	bypass	216.668	3497.57	54
1.599	1928.51	bypass	202.511	3497.57	54
1.602	1930.78	bypass	196.781	3497.57	54
1.601	1933.17	bypass	202.172	3497.57	55
0.593	1936.48	bypass	220.484	3497.57	54
1.603	1939.78	bypass	202.777	3497.57	54
0.596	1943.23	bypass	220.231	3497.57	55
1.604	1946.42	bypass	206.422	3497.57	55
1.605	1948.32	bypass	205.318	3497.57	54
0.594	1952.3	bypass	234.298	3497.57	53
0.595	1954.02	bypass	233.022	3497.57	52
0.597	1957.09	bypass	231.091	3497.57	51
0.600	1959.97	bypass	227.974	3497.57	50
0.599	1962.85	bypass	232.849	3497.57	49
1.606	1965.41	bypass	219.411	3497.57	48
1.608	1967.43	bypass	215.426	3497.57	49
0.602	1969.97	bypass	232.968	3497.57	49
0.598	1972.42	bypass	244.425	3497.57	48
0.603	1974.04	bypass	234.036	3497.57	47
1.609	1976.14	bypass	222.137	3497.57	46
1.610	1979.16	bypass	222.16	3497.57	45
1.611	1981.3	bypass	221.303	3497.57	44
0.604	1984.39	bypass	242.392	3497.57	43
1.607	1987.54	bypass	238.538	3497.57	42
1.612	1989.05	bypass	226.046	3497.57	41
1.613	1991.2	bypass	225.199	3497.57	40
0.601	1993.97	bypass	258.968	3497.57	39
1.614	1996.34	bypass	227.344	3497.57	38
0.605	1998.79	bypass	253.79	3497.57	37
1.616	2001.23	bypass	226.232	3497.57	36
0.606	2003.93	bypass	256.931	3497.57	35
0.608	2005.1	bypass	253.104	3497.57	34
0.609	2008.5	bypass	253.503	3497.57	33
1.615	2011.25	bypass	239.247	3497.57	32
1.618	2014.93	bypass	234.931	3497.57	31
1.619	2016.97	bypass	233.974	3497.57	30
1.617	2019.54	bypass	242.541	3497.57	29
0.611	2021.54	bypass	261.545	3497.57	28
0.612	2024.4	bypass	262.401	3497.57	27
1.620	2027.69	bypass	241.695	3497.57	26
0.610	2030.69	bypass	273.69	3497.57	25
0.613	2032.33	bypass	267.328	3497.57	24
0.614	2035.31	bypass	267.31	3497.57	23
1.621	2037.76	bypass	248.76	3497.57	22
0.607	2039.63	bypass	290.634	3497.57	21
1.624	2041.66	bypass	243.662	3497.57	20
1.625	2044.04	bypass	243.045	3497.57	19
1.622	2046.79	bypass	254.786	3497.57	18
1.623	2050.86	bypass	255.859	3497.57	17
1.626	2052.1	bypass	249.105	3497.57	16
0.615	2054.99	bypass	283.991	3497.57	15
1.627	2057.1	bypass	251.096	3497.57	14
0.616	2060.25	bypass	286.249	3497.57	13
0.617	2062.95	bypass	285.951	3497.57	12
1.629	2065.41	bypass	253.412	3497.57	11
1.628	2068.78	bypass	259.781	3497.57	10
0.622	2069.2	main	278.199	3492	114
1.633	2070.02	main	246.019	3492	113
0.619	2071.88	bypass	289.876	3497.57	9
0.623	2073.11	main	279.11	3492	115
1.634	2073.43	main	247.429	3492	114
0.621	2074.58	bypass	286.581	3497.57	8
0.624	2076.11	main	279.106	3492	116
1.635	2076.98	main	247.981	3492	116
0.618	2077.33	bypass	298.332	3497.57	7
1.636	2079.26	main	247.259	3492	118
0.620	2079.57	bypass	294.574	3497.57	6
0.625	2079.95	main	279.954	3492	117
1.630	2082	bypass	267.004	3497.57	5
1.637	2082.18	main	246.177	3492	118
0.626	2082.82	main	279.816	3492	117
1.632	2084.17	bypass	263.173	3497.57	6
1.639	2084.95	main	241.949	3492	116
1.640	2086.13	main	239.13	3492	116
1.631	2086.25	bypass	268.25	3497.57	6
0.629	2088.44	main	275.44	3492	118
1.641	2089.17	main	238.168	3492	117
0.627	2089.7	bypass	283.698	3497.57	5
1.638	2091.36	bypass	252.36	3497.57	4
0.630	2091.46	main	275.461	3492	118
1.642	2092.33	main	237.326	3492	117
0.628	2093.81	bypass	284.807	3497.57	4
0.631	2094.31	main	274.305	3492	118
1.643	2095.31	main	235.306	3492	118
0.632	2097.33	main	274.329	3492	119
1.644	2098.73	main	233.734	3492	119
0.633	2100.11	main	273.11	3492	120
1.645	2100.81	main	228.807	3492	120
0.634	2103.63	main	271.632	3492	122
1.646	2105.81	main	224.809	3492	122
0.635	2106.88	main	269.883	3492	123
1.647	2107.15	main	215.154	3492	122
0.636	2108.56	main	265.556	3492	122
1.648	2110.98	main	206.976	3492	123
0.637	2111.71	main	261.708	3492	123
1.649	2112.5	main	199.504	3492	123
0.638	2114.4	main	254.401	3492	124
1.650	2115.41	main	196.415	3492	124
0.639	2117.08	main	241.08	3492	125
1.651	2119.61	main	194.607	3492	126
0.640	2120.89	main	232.889	3492	125
1.652	2121.9	main	191.897	3492	126
0.641	2122.71	main	224.707	3492	125
1.653	2124.52	main	190.521	3492	126
0.642	2126.17	main	219.175	3492	125
1.654	2127.21	main	188.209	3492	126
0.643	2128.01	main	213.011	3492	125
1.655	2130.07	main	188.07	3492	126
0.644	2131.36	main	208.358	3492	127
1.656	2132.39	main	186.387	3492	127
0.645	2134.32	main	204.319	3492	127
1.657	2135.31	main	185.31	3492	127
0.646	2137.33	main	200.333	3492	129
1.658	2138.93	main	183.934	3492	129
0.647	2139.8	main	197.799	3492	129
1.659	2140.9	main	181.898	3492	128
0.648	2142.45	main	195.453	3492	129
1.660	2144.73	main	181.73	3492	130
0.649	2145.64	main	193.638	3492	130
1.661	2147.85	main	180.853	3492	132
0.650	2148.64	main	191.642	3492	131
1.662	2150.37	main	179.375	3492	132
0.651	2151.87	main	190.868	3492	132
1.663	2152.5	main	176.499	3492	132
0.652	2154.85	main	188.846	3492	132
1.664	2155.88	main	174.881	3492	133
0.653	2157.26	main	186.26	3492	133
1.665	2158.11	main	172.105	3492	133
0.654	2159.49	main	182.487	3492	133
1.666	2161.94	main	170.937	3492	135
0.655	2162.84	main	179.843	3492	134
1.667	2165.07	main	168.069	3492	135
0.656	2165.08	main	176.083	3492	134
1.668	2167.82	main	165.815	3492	137
0.657	2168.02	main	172.021	3492	136
1.669	2170.04	main	163.039	3492	136
0.658	2170.56	main	167.557	3492	135
1.670	2173.34	main	162.34	3492	138
0.659	2173.83	main	164.835	3492	137
0.660	2176.36	main	163.36	3492	138
1.671	2176.93	main	162.931	3492	137
1.672	2179.04	main	163.036	3492	138
0.661	2179.9	main	163.899	3492	138
0.662	2181.67	main	163.673	3492	140
1.673	2182.28	main	163.282	3492	139
1.674	2185.42	main	163.42	3492	141
0.663	2186.41	main	165.409	3492	141
0.664	2188.4	main	165.402	3492	141
1.675	2188.7	main	164.704	3492	140
1.676	2190.15	main	164.151	3492	141
0.665	2191.86	main	166.86	3492	142
1.677	2193.67	main	164.668	3492	143
0.666	2194.88	main	166.878	3492	142
1.678	2196.68	main	165.675	3492	141
0.667	2197.76	main	167.763	3492	140
1.679	2199.83	main	166.828	3492	139
0.668	2200.06	main	168.057	3492	138
0.685	2202.02	bypass	135.023	3497.57	10
1.680	2202.76	main	167.762	3492	137
0.669	2203.37	main	169.371	3492	136
1.696	2204.37	bypass	136.371	3497.57	11
1.681	2205.03	main	168.028	3492	135
0.670	2205.08	main	169.076	3492	134
0.686	2206.9	bypass	137.897	3497.57	12
1.682	2207.05	main	168.051	3492	133
0.671	2208.52	main	170.519	3492	132
1.683	2210.59	main	169.593	3492	131
0.672	2211.58	main	171.583	3492	130
1.684	2213.66	main	170.658	3492	129
0.673	2214.65	main	172.647	3492	128
1.685	2216.54	main	171.536	3492	127
0.674	2217.42	main	172.42	3492	126
0.675	2219.55	main	172.548	3492	125
1.686	2219.61	main	172.607	3492	124
1.687	2222.17	main	173.173	3492	123
0.676	2222.48	main	173.483	3492	122
1.688	2225.52	main	174.52	3492	121
0.677	2225.92	main	174.917	3492	120
1.689	2227.09	main	174.088	3492	119
0.678	2227.25	main	174.25	3492	118
1.690	2230.73	main	175.727	3492	117
0.679	2230.87	main	175.874	3492	116
0.680	2233.57	main	176.571	3492	115
1.691	2233.76	main	175.756	3492	114
1.692	2235.02	main	175.024	3492	113
0.681	2236.43	main	177.433	3492	112
1.693	2239.17	main	177.166	3492	111
0.682	2239.74	main	178.738	3492	110
1.700	2241.67	bypass	165.672	3497.57	41
0.683	2242	main	179.005	3492	109
1.694	2242.23	main	178.233	3492	108
0.684	2244.23	main	179.229	3492	107
1.695	2245.59	main	179.586	3492	106
0.687	2247.75	main	176.748	3492	105
1.697	2248.87	main	178.868	3492	104
0.688	2250.08	main	177.08	3492	103
1.698	2251.86	main	179.863	3492	102
0.689	2252.11	main	177.107	3492	101
0.703	2254.19	main	151.192	2980.76	100
0.690	2256.18	main	179.183	3492	100
1.699	2257.36	main	183.363	3492	99
0.692	2258.94	main	177.943	3492	98
0.691	2259.72	main	180.721	3492	97
0.694	2261.36	main	176.358	3492	96
0.693	2262.79	main	179.795	3492	95
1.701	2264.1	main	186.098	3492	94
0.695	2264.43	main	177.425	3492	93
0.696	2267	main	178.001	3492	92
1.702	2268.18	main	188.178	3492	91
0.697	2270.78	main	179.782	3492	90
1.703	2271.3	main	189.295	3492	89
1.704	2273.11	main	189.108	3492	88
0.698	2273.97	main	180.972	3492	87
0.699	2275.47	main	180.475	3492	86
1.705	2277.57	main	191.573	3492	85
0.700	2278.52	main	181.523	3492	84
1.706	2279.42	main	191.419	3492	83
0.701	2281.95	main	182.954	3492	82
1.707	2282.89	main	192.891	3492	81
1.708	2285.67	main	193.665	3492	80
0.702	2285.78	main	184.784	3492	79
0.704	2287.08	main	182.075	3492	78
1.709	2288.98	main	194.979	3492	77
0.705	2290.5	main	183.501	3492	76
1.710	2291.73	main	195.734	3492	75
0.706	2292.33	main	183.335	3492	74
1.711	2294.01	main	196.01	3492	73
0.707	2296.43	main	185.431	3492	72
1.712	2296.48	main	196.478	3492	71
0.708	2298.13	main	185.129	3492	70
1.713	2299.48	main	197.479	3492	69
0.709	2301.61	main	186.607	3492	68
1.714	2302.01	main	198.01	3492	67
0.710	2304.84	main	187.843	3492	66
1.715	2305.28	main	199.28	3492	65
0.711	2308.04	main	189.044	3492	64
1.716	2308.92	main	200.916	3492	63
1.717	2310.18	main	200.178	3492	62
0.712	2310.21	main	189.21	3492	61
0.713	2313.08	main	190.081	3492	60
1.718	2313.14	main	201.141	3492	59
0.740	2313.17	bypass	134.175	3497.57	70
0.714	2316.31	main	191.31	3492	58
0.741	2316.61	bypass	135.606	3497.57	70
1.719	2316.79	main	202.787	3492	57
1.748	2319.09	bypass	145.093	3497.57	69
1.720	2319.16	main	203.159	3492	56
0.715	2319.47	main	192.471	3492	55
0.716	2321.49	main	192.493	3492	54
0.742	2322.56	bypass	139.559	3497.57	70
1.721	2322.92	main	204.922	3492	53
1.749	2324.39	bypass	148.395	3497.57	69
0.717	2324.77	main	193.767	3492	52
1.722	2325.44	main	205.442	3492	51
1.750	2326.91	bypass	147.906	3497.57	68
0.718	2327.36	main	194.361	3492	50
1.723	2327.76	main	205.76	3492	49
0.743	2328.94	bypass	143.937	3497.57	67
1.724	2330.21	main	206.21	3492	48
0.719	2330.39	main	195.392	3492	47
1.751	2330.57	bypass	149.57	3497.57	66
0.744	2332.33	bypass	145.335	3497.57	65
1.725	2332.52	main	206.524	3492	46
0.720	2333.49	main	195.486	3492	45
0.745	2335.67	bypass	146.67	3497.57	64
1.726	2336.77	main	208.766	3492	44
0.721	2336.91	main	196.91	3492	43
1.752	2337.52	bypass	154.524	3497.57	64
1.727	2339.3	main	209.303	3492	42
0.722	2339.99	main	197.992	3492	41
0.746	2340	bypass	148.996	3497.57	64
1.728	2341.09	main	209.086	3492	40
1.753	2341.14	bypass	155.138	3497.57	63
0.723	2342.1	main	198.096	3492	39
0.747	2343.52	bypass	150.515	3497.57	62
0.724	2344.17	main	198.17	3492	38
1.729	2344.33	main	210.328	3492	37
1.754	2345.24	bypass	157.239	3497.57	63
1.730	2346.9	main	210.903	3492	36
0.748	2347.42	bypass	152.419	3497.57	62
0.725	2347.84	main	199.838	3492	35
1.755	2349.9	bypass	159.902	3497.57	61
1.731	2350.48	main	212.483	3492	34
0.726	2350.63	main	199.629	3492	33
0.749	2351.53	bypass	154.532	3497.57	60
1.756	2353.18	bypass	161.177	3497.57	60
0.727	2353.48	main	200.482	3492	32
1.732	2353.56	main	213.556	3492	31
1.733	2355.48	main	213.479	3492	30
0.728	2355.7	main	200.702	3492	29
0.750	2355.71	bypass	156.707	3497.57	59
1.757	2357.05	bypass	163.045	3497.57	60
0.729	2358.28	main	201.276	3492	28
1.734	2358.37	main	214.375	3492	27
0.751	2360.56	bypass	159.562	3497.57	59
0.730	2361.29	main	202.289	3492	26
1.735	2361.8	main	215.805	3492	25
1.759	2362.6	bypass	163.604	3497.57	60
0.731	2364.09	main	203.094	3492	24
1.736	2364.49	main	216.494	3492	23
1.758	2364.78	bypass	167.779	3497.57	59
0.753	2366.05	bypass	161.054	3497.57	58
0.732	2367.47	main	204.475	3492	22
1.737	2367.78	main	217.78	3492	21
0.752	2368.19	bypass	165.194	3497.57	59
0.733	2369.21	main	204.21	3492	20
1.738	2369.22	main	217.225	3492	19
1.760	2370.17	bypass	168.167	3497.57	58
0.754	2372.51	bypass	165.507	3497.57	59
1.739	2373.28	main	219.283	3492	18
0.734	2373.52	main	206.523	3492	17
1.761	2374.71	bypass	170.707	3497.57	58
0.735	2376.06	main	207.059	3492	16
0.755	2376.1	bypass	167.098	3497.57	59
1.740	2376.96	main	219.963	3492	15
1.762	2378.11	bypass	171.108	3497.57	58
1.741	2378.97	main	219.968	3492	14
0.736	2379.66	main	208.659	3492	13
0.756	2381.67	bypass	170.667	3497.57	59
1.742	2382.67	main	221.669	3492	12
0.737	2382.73	main	209.733	3492	11
0.757	2383.5	bypass	170.495	3497.57	58
1.743	2384.47	main	221.471	3492	10
0.738	2384.72	main	209.723	3492	9
1.763	2385.18	bypass	176.178	3497.57	57
0.739	2387.06	main	210.061	3492	8
1.744	2387.14	main	222.136	3492	7
1.764	2387.54	bypass	176.536	3497.57	57
0.758	2389.66	bypass	174.662	3497.57	58
1.746	2390.15	main	220.154	3492	6
0.759	2391.63	bypass	174.628	3497.57	58
1.745	2391.88	main	224.875	3492	5
1.747	2393.14	main	221.137	3492	4
0.766	2393.16	main	161.164	3492	3
1.765	2393.64	bypass	180.64	3497.57	58
1.766	2395.98	bypass	180.978	3497.57	57
0.760	2397.29	bypass	178.286	3497.57	56
1.767	2399.17	bypass	182.17	3497.57	55
0.761	2402.22	bypass	181.22	3497.57	54
0.763	2404.98	bypass	178.982	3497.57	53
1.771	2407.18	bypass	180.179	3497.57	52
1.768	2409.63	bypass	189.632	3497.57	51
0.762	2411.04	bypass	188.04	3497.57	50
1.770	2414.25	bypass	190.251	3497.57	49
1.769	2416.27	bypass	194.272	3497.57	48
1.772	2419.12	bypass	190.121	3497.57	47
0.764	2421.22	bypass	193.222	3497.57	46
0.765	2423.64	bypass	193.639	3497.57	45
0.767	2425.4	bypass	191.398	3497.57	44
1.774	2428.56	bypass	195.565	3497.57	43
1.773	2430.58	bypass	199.578	3497.57	42
1.776	2434.16	bypass	196.161	3497.57	41
1.778	2437.97	bypass	194.973	3497.57	40
1.779	2440.2	bypass	195.2	3497.57	39
1.775	2442.28	bypass	206.284	3497.57	38
1.781	2444.12	bypass	194.119	3497.57	37
0.768	2446.78	bypass	209.78	3497.57	36
1.780	2449.36	bypass	201.357	3497.57	35
0.769	2451.54	bypass	212.542	3497.57	34
1.783	2453.96	bypass	197.961	3497.57	33
1.784	2456.26	bypass	198.257	3497.57	32
0.770	2458.34	bypass	217.336	3497.57	31
0.773	2460.73	bypass	212.729	3497.57	30
1.777	2463.67	bypass	223.673	3497.57	29
0.775	2465.09	bypass	212.093	3497.57	28
1.782	2468.72	bypass	215.72	3497.57	27
0.774	2470.92	bypass	220.917	3497.57	26
1.786	2472.77	bypass	208.767	3497.57	25
0.771	2475.92	bypass	231.923	3497.57	24
1.787	2477.24	bypass	210.241	3497.57	23
1.785	2479.14	bypass	218.135	3497.57	22
0.777	2481.92	bypass	223.924	3497.57	21
1.788	2483.06	bypass	213.056	3497.57	20
0.772	2485.58	bypass	239.581	3497.57	19
0.778	2488.57	bypass	228.572	3497.57	18
0.780	2490.82	bypass	225.818	3497.57	17
0.776	2492.75	bypass	237.745	3497.57	16
1.789	2494	bypass	221.001	3497.57	15
1.791	2497.08	bypass	218.08	3497.57	14
1.790	2499.43	bypass	223.425	3497.57	13
0.781	2501.75	bypass	234.748	3497.57	12
0.779	2503.4	bypass	241.404	3497.57	11
1.792	2506.09	bypass	225.093	3497.57	10
1.793	2508.45	bypass	224.447	3497.57	9
1.799	2510.37	main	208.368	3492	111
0.783	2510.75	bypass	238.746	3497.57	8
1.800	2512.5	main	207.495	3492	113
0.782	2513.77	bypass	243.768	3497.57	7
1.801	2514.6	main	207.598	3492	114
1.795	2516.3	bypass	226.297	3497.57	6
1.802	2517.71	main	207.714	3492	115
1.803	2518.22	main	205.219	3492	115
1.797	2518.26	bypass	222.255	3497.57	5
1.794	2520.49	bypass	233.492	3497.57	4
1.804	2521.74	main	205.741	3492	118
0.786	2521.74	main	242.742	3492	117
1.796	2523.17	bypass	230.173	3497.57	4
0.787	2523.99	main	241.993	3492	116
1.805	2524.56	main	205.557	3492	115
1.798	2525.09	bypass	226.094	3497.57	4
0.788	2526.57	main	242.57	3492	116
1.806	2527.06	main	205.063	3492	115
0.785	2527.48	bypass	250.484	3497.57	5
0.789	2528.12	main	241.116	3492	114
0.784	2529.3	bypass	255.299	3497.57	4
1.807	2530.98	main	205.975	3492	116
0.790	2532.94	main	242.939	3492	117
1.808	2533.27	main	205.268	3492	117
0.791	2535.96	main	242.956	3492	118
1.809	2536.26	main	206.26	3492	117
0.792	2538.97	main	243.965	3492	119
1.810	2539.35	main	206.349	3492	118
0.793	2540.73	main	242.735	3492	120
1.811	2541.27	main	205.27	3492	119
0.794	2543.19	main	243.188	3492	120
1.812	2545.04	main	206.044	3492	121
0.795	2546.6	main	242.601	3492	120
1.813	2548.35	main	206.347	3492	122
0.796	2549.39	main	243.388	3492	122
1.814	2552.98	main	207.975	3492	125
0.797	2553.5	main	244.503	3492	125
1.815	2554.48	main	205.483	3492	125
0.798	2555.9	main	243.9	3492	125
1.816	2557.92	main	205.923	3492	126
0.799	2558.28	main	242.282	3492	125
1.817	2560.01	main	205.011	3492	126
0.800	2561.54	main	242.542	3492	127
0.801	2563.37	main	241.365	3492	127
1.818	2563.91	main	204.906	3492	127
1.819	2566.37	main	203.369	3492	128
0.802	2566.61	main	241.606	3492	127
1.820	2568.75	main	201.749	3492	129
0.803	2569.82	main	240.817	3492	129
1.821	2571.44	main	199.439	3492	129
0.804	2572.19	main	239.186	3492	129
1.822	2574.4	main	197.397	3492	131
0.805	2575.94	main	238.944	3492	131
1.823	2577.06	main	195.063	3492	131
0.806	2578.57	main	238.575	3492	131
1.824	2580.8	main	191.8	3492	132
0.807	2581.83	main	236.834	3492	132
1.825	2582.38	main	185.379	3492	131
0.808	2583.29	main	233.295	3492	131
1.826	2585.05	main	179.048	3492	132
0.809	2586.24	main	232.244	3492	132
1.827	2587.16	main	172.165	3492	131
0.810	2589.17	main	229.166	3492	133
1.828	2591.9	main	168.898	3492	134
0.811	2592.71	main	227.709	3492	133
1.829	2594.87	main	164.872	3492	134
0.812	2595.7	main	224.698	3492	133
1.830	2597.92	main	162.925	3492	135
0.813	2598.31	main	219.314	3492	134
1.831	2600.69	main	161.691	3492	135
0.814	2600.73	main	210.735	3492	134
1.832	2602.67	main	159.666	3492	135
0.815	2603.39	main	200.386	3492	134
1.833	2605.78	main	160.779	3492	135
0.816	2606.31	main	193.309	3492	135
1.834	2608.75	main	160.751	3492	136
0.817	2609.75	main	189.748	3492	136
0.818	2611.11	main	184.105	3492	136
1.835	2611.99	main	160.99	3492	136
0.819	2614.1	main	182.098	3492	137
1.836	2614.86	main	161.861	3492	136
0.820	2617.44	main	179.436	3492	137
1.837	2617.67	main	162.668	3492	136
0.821	2620.13	main	177.134	3492	138
1.838	2620.69	main	162.689	3492	137
1.839	2622.8	main	162.798	3492	138
0.822	2623.96	main	174.956	3492	138
1.840	2625.51	main	163.51	3492	138
0.823	2625.65	main	170.653	3492	138
1.841	2628.01	main	164.01	3492	139
0.824	2628.99	main	167.994	3492	138
1.842	2631.46	main	165.456	3492	137
0.825	2631.93	main	166.929	3492	136
0.826	2634.71	main	166.711	3492	135
1.843	2634.78	main	166.776	3492	134
0.827	2637.05	main	166.047	3492	133
1.844	2637.17	main	167.165	3492	132
1.845	2640.29	main	168.287	3492	131
0.828	2640.62	main	167.623	3492	130
0.844	2641.58	bypass	135.582	3497.57	13
1.846	2643.22	main	169.221	3492	129
0.829	2643.35	main	168.354	3492	128
1.862	2643.48	bypass	136.484	3497.57	14
0.830	2645.12	main	168.122	3492	127
0.846	2645.74	bypass	135.74	3497.57	14
1.847	2646.91	main	170.911	3492	126
1.864	2647.04	bypass	136.041	3497.57	15
0.831	2649.14	main	169.14	3492	125
1.848	2649.74	main	171.743	3492	124
0.832	2651.15	main	169.152	3492	123
1.849	2652.11	main	172.107	3492	122
0.833	2654.87	main	170.873	3492	121
1.850	2655.26	main	173.264	3492	120
0.834	2657.26	main	171.26	3492	119
1.851	2657.47	main	173.466	3492	118
0.835	2659.75	main	171.751	3492	117
1.852	2660.64	main	173.64	3492	116
0.836	2662.09	main	172.09	3492	115
1.853	2663.98	main	174.976	3492	114
0.837	2665.19	main	173.191	3492	113
1.854	2666.01	main	175.01	3492	112
0.838	2668.99	main	174.987	3492	111
1.855	2669.85	main	176.852	3492	110
0.839	2671.07	main	175.072	3492	109
1.856	2672.29	main	177.288	3492	108
0.840	2673.4	main	175.397	3482	107
1.857	2675.65	main	178.65	3492	106
0.841	2676.13	main	176.133	3492	105
1.858	2677.8	main	178.804	3492	104
0.842	2679.98	main	177.977	3492	103
1.859	2680.97	main	179.969	3492	102
0.843	2682.19	main	178.193	3492	101
1.860	2683.82	main	180.818	3492	100
0.845	2684.69	main	176.687	3492	99
1.861	2686.49	main	181.493	3492	98
0.847	2687.72	main	175.722	3492	97
1.863	2689.98	main	180.979	3492	96
0.848	2690.21	main	176.211	3492	95
1.865	2692.03	main	179.033	3492	94
0.849	2693.53	main	177.526	3492	93
0.850	2695.28	main	177.278	3492	92
1.866	2695.6	main	180.598	3492	91
1.867	2698.1	main	181.099	3492	90
0.851	2698.49	main	178.489	3492	89
1.868	2701.48	main	182.481	3492	88
0.852	2701.72	main	179.716	3492	87
0.853	2704.35	main	180.349	3492	86
1.869	2704.56	main	183.558	3492	85
1.870	2706.38	main	183.379	3492	84
0.854	2707.37	main	181.366	3492	83
1.871	2709.29	main	184.292	3492	82
0.855	2710.74	main	182.743	3492	81
1.872	2712.27	main	185.271	3492	80
0.856	2714.62	main	184.621	3492	79
1.873	2715.53	main	186.533	3492	78
0.857	2716.07	main	184.075	3492	77
1.874	2718.28	main	187.278	3492	76
0.858	2719.99	main	185.993	3492	75
0.859	2721.11	main	185.106	3492	74
1.875	2721.74	main	188.745	3492	73
1.876	2723.65	main	188.651	3492	72
0.860	2724.36	main	186.362	3492	71
1.877	2726.38	main	189.382	3492	70
0.861	2727.64	main	187.639	3492	69
1.878	2729.23	main	190.228	3492	68
0.862	2730.11	main	188.108	3492	67
1.879	2732.87	main	191.872	3492	66
0.863	2733.03	main	189.027	3492	65
1.880	2734.93	main	191.934	3492	64
0.864	2736.41	main	190.408	3492	63
1.881	2738.67	main	193.666	3492	62
0.865	2739.58	main	191.578	3492	61
1.882	2740.3	main	193.298	3492	60
0.866	2741.33	main	191.329	3492	59
1.883	2743.57	main	194.566	3492	58
0.867	2744.14	main	192.144	3492	57
1.884	2746.92	main	195.922	3492	56
0.868	2748.33	main	194.332	3492	55
1.885	2749.03	main	196.027	3492	54
0.898	2749.77	bypass	135.77	3497.57	92
0.869	2750.72	main	194.718	3492	53
1.908	2751	bypass	135.002	3497.57	92
1.886	2752.44	main	197.444	3492	52
0.870	2753.58	main	195.584	3492	51
0.899	2753.95	bypass	137.952	3497.57	93
1.887	2754.41	main	197.412	3492	50
0.871	2756.19	main	196.193	3492	49
0.900	2756.25	bypass	138.252	3497.57	94
1.888	2757.14	main	198.135	3492	48
0.872	2759.29	main	197.293	3492	47
0.901	2759.3	bypass	139.304	3497.57	95
1.889	2761.66	main	200.661	3492	46
0.873	2761.83	main	197.832	3492	45
1.910	2762.6	bypass	141.6	3497.57	96
1.890	2763.78	main	199.784	3492	44
0.874	2764.69	main	198.687	3492	43
1.891	2765.83	main	198.828	3492	42
1.892	2768.28	main	199.275	3492	41
0.902	2768.66	bypass	146.659	3497.57	99
0.875	2768.96	main	200.957	3492	40
0.876	2770.7	main	200.703	3492	39
1.893	2771.53	main	199.532	3492	38
0.877	2773.56	main	201.558	3492	37
1.894	2774.68	main	199.681	3492	36
1.911	2775.95	bypass	151.951	3497.57	102
0.878	2776.09	main	202.091	3492	35
1.895	2777.81	main	199.806	3492	34
0.904	2779.21	bypass	153.211	3497.57	104
0.879	2779.21	main	203.214	3492	33
1.896	2780.81	main	199.815	3492	32
0.880	2782.81	main	204.814	3492	31
1.897	2782.86	main	198.864	3492	30
1.913	2783.94	bypass	153.935	3497.57	105
0.881	2784.73	main	204.733	3492	29
1.898	2786.5	main	199.504	3492	28
0.903	2786.67	bypass	162.674	3497.57	106
0.882	2787.04	main	205.036	3492	27
1.899	2788.37	main	198.37	3492	26
1.912	2789.68	bypass	162.685	3497.57	105
0.883	2790.42	main	206.424	3492	25
1.900	2791.62	main	198.623	3492	24
0.884	2792.79	main	206.792	3492	23
0.906	2793.53	bypass	163.532	3497.57	107
1.901	2793.53	main	198.533	3492	22
0.885	2795.61	main	207.611	3492	21
1.902	2796.95	main	198.95	3492	20
1.909	2797.99	bypass	179.99	3497.57	106
1.903	2799.1	main	198.096	3492	19
0.886	2799.88	main	209.876	3492	18
0.905	2800.53	bypass	172.526	3497.57	105
1.904	2801.94	main	197.939	3492	17
0.887	2801.95	main	209.948	3492	16
0.888	2804.09	main	210.086	3492	15
1.914	2804.79	bypass	171.794	3497.57	104
1.905	2805.56	main	198.557	3492	14
0.907	2806.86	bypass	174.855	3497.57	103
0.889	2807.57	main	211.566	3492	13
0.908	2808.05	bypass	174.053	3497.57	103
1.906	2808.19	main	198.187	3492	12
1.915	2810.3	bypass	174.302	3497.57	103
0.890	2810.59	main	212.589	3492	11
1.907	2811.01	main	198.007	3492	10
0.909	2812.92	bypass	176.919	3497.57	102
0.891	2813.29	main	213.292	3492	9
0.897	2814.75	main	202.747	3492	8
1.916	2816.31	bypass	177.31	3497.57	103
0.892	2816.84	main	214.844	3492	7
0.896	2817.55	main	207.548	3492	6
0.893	2818.09	main	214.089	3492	5
0.895	2819.38	main	211.382	3492	4
1.917	2819.47	bypass	178.467	3497.57	103
1.921	2821.52	bypass	168.519	3497.57	103
0.894	2821.61	main	215.609	3492	3
0.910	2823.59	bypass	185.589	3497.57	102
1.922	2826.69	bypass	170.69	3497.57	101
0.911	2829.53	bypass	189.533	3497.57	100
1.919	2831.6	bypass	184.603	3497.57	99
1.923	2834.73	bypass	175.729	3497.57	98
1.925	2836.14	bypass	171.138	3497.57	97
1.918	2838.37	bypass	194.374	3497.57	97
0.920	2840.69	bypass	182.687	3497.57	96
1.926	2843.36	bypass	176.362	3497.57	95
0.912	2846.02	bypass	204.02	3497.57	94
1.927	2850.39	bypass	180.389	3497.57	93
0.913	2853.86	bypass	209.862	3497.57	92
0.917	2856.4	bypass	204.4	3497.57	91
0.915	2858.35	bypass	210.348	3497.57	90
1.929	2861.73	bypass	185.729	3497.57	89
1.928	2865.76	bypass	192.765	3497.57	89
1.924	2867.86	bypass	205.861	3497.57	89
0.922	2869.3	bypass	207.302	3497.57	88
0.919	2871.57	bypass	215.573	3497.57	88
1.931	2874.47	bypass	192.468	3497.57	87
0.914	2876.26	bypass	230.259	3497.57	87
1.932	2878.03	bypass	193.033	3497.57	86
1.933	2880.84	bypass	192.836	3497.57	86
1.920	2882.22	bypass	232.218	3497.57	85
0.916	2885.64	bypass	235.644	3497.57	84
0.924	2887.05	bypass	220.053	3497.57	83
1.934	2889.4	bypass	199.396	3497.57	82
0.918	2891.44	bypass	237.444	3497.57	81
1.935	2895.09	bypass	202.088	3497.57	80
1.930	2897.35	bypass	218.352	3497.57	79
1.936	2900.68	bypass	204.682	3497.57	78
0.921	2902.02	bypass	242.022	3497.57	77
0.923	2904.85	bypass	240.846	3497.57	76
1.937	2908.84	bypass	209.837	3497.57	75
1.938	2911.57	bypass	209.571	3497.57	74
0.925	2913.63	bypass	244.634	3497.57	73
0.930	2916.54	bypass	237.538	3497.57	72
1.939	2918.63	bypass	213.63	3497.57	71
0.932	2921.35	bypass	237.353	3497.57	70
0.926	2925.99	bypass	254.987	3497.57	69
0.935	2927.01	bypass	235.012	3497.57	68
0.933	2931.47	bypass	244.473	3497.57	67
1.941	2934.37	bypass	223.369	3497.57	66
1.940	2936.42	bypass	228.418	3497.57	65
0.939	2938.94	bypass	234.941	3497.57	64
0.927	2942	bypass	268.998	3497.57	63
0.937	2943.23	bypass	245.233	3497.57	62
0.928	2946.39	bypass	271.393	3497.57	61
0.941	2949.59	bypass	239.592	3497.57	60
1.942	2952.45	bypass	239.453	3497.57	59
1.943	2955.06	bypass	239.059	3497.57	58
0.943	2958.76	bypass	243.763	3497.57	57
0.929	2960.2	bypass	283.2	3497.57	56
1.944	2962.79	bypass	243.792	3497.57	55
1.946	2964.66	bypass	239.664	3497.57	54
0.931	2966.03	bypass	285.031	3497.57	53
1.945	2969.56	bypass	247.565	3497.57	52
0.934	2971.37	bypass	282.368	3497.57	51
1.947	2973.49	bypass	245.489	3497.57	50
0.946	2976.93	bypass	252.931	3497.57	49
0.947	2978.8	bypass	251.797	3497.57	48
0.945	2980.85	bypass	259.853	3497.57	47
1.949	2982.14	bypass	248.136	3497.57	46
0.936	2984.69	bypass	289.691	3497.57	45
1.948	2987.33	bypass	256.334	3497.57	44
0.938	2989.76	bypass	288.759	3497.57	43
0.950	2991.27	bypass	255.267	3497.57	42
1.950	2993.88	bypass	256.878	3497.57	41
0.952	2996.46	bypass	255.46	3497.57	40
0.940	2998.71	bypass	291.71	3497.57	39
0.942	3000.93	bypass	288.93	3497.57	38
1.951	3003.28	bypass	264.283	3497.57	37
0.944	3005.52	bypass	287.52	3497.57	36
1.954	3007	bypass	259.004	3497.57	35
1.956	3010.73	bypass	256.732	3497.57	34
0.948	3012.04	bypass	282.043	3497.57	33
1.952	3014.24	bypass	272.237	3497.57	32
0.957	3016.83	bypass	260.833	3497.57	31
0.959	3018.25	bypass	257.252	3497.57	30
1.953	3022.07	bypass	277.07	3497.57	29
1.955	3024.66	bypass	273.657	3497.57	28
0.949	3026.39	bypass	293.393	3497.57	27
0.951	3029.1	bypass	291.101	3497.57	26
0.953	3031.08	bypass	287.08	3497.57	25
1.957	3033.76	bypass	276.76	3497.57	24
0.961	3036.58	bypass	269.582	3497.57	23
1.959	3038.87	bypass	276.868	3497.57	22
0.954	3040.07	bypass	293.075	3497.57	21
0.962	3042.72	bypass	272.725	3497.57	20
0.955	3045.53	bypass	295.526	3497.57	19
1.965	3047.59	bypass	267.594	3497.57	18
0.956	3049.77	bypass	296.766	3497.57	17
1.962	3051.12	bypass	280.116	3497.57	16
1.963	3053.19	bypass	279.189	3497.57	15
0.969	3056.81	main	266.815	3492	107
0.958	3056.9	bypass	297.904	3497.57	14
1.969	3058.67	main	267.674	3492	108
1.964	3059.08	bypass	282.076	3497.57	13
1.970	3061.44	main	267.445	3492	110
0.960	3062.71	bypass	298.712	3497.57	12
1.971	3063.86	main	266.857	3492	110
0.967	3065.73	bypass	281.728	3497.57	11
1.972	3065.87	main	265.873	3492	112
1.973	3068.8	main	265.796	3492	114
0.968	3068.9	bypass	281.902	3497.57	10
1.974	3069.85	main	263.846	3492	115
1.975	3071.01	main	262.008	3492	114
0.965	3071.98	bypass	292.979	3497.57	9
1.958	3073.46	bypass	313.462	3497.57	8
1.976	3074.28	main	263.279	3492	116
1.960	3075.23	bypass	310.232	3497.57	7
1.977	3075.63	main	261.627	3492	117
0.970	3077.09	main	284.092	3492	117
1.966	3077.77	bypass	294.774	3497.57	6
1.978	3079.84	main	262.844	3492	119
0.971	3080.14	main	284.141	3492	118
1.967	3080.33	bypass	295.33	3497.57	5
1.979	3081.03	main	261.032	3492	118
0.972	3083.3	main	284.295	3492	120
1.961	3083.35	bypass	315.348	3497.57	4
1.980	3084.82	main	261.825	3492	120
1.968	3085.94	bypass	297.941	3497.57	3
0.973	3086.16	main	284.162	3492	120
0.963	3087.69	bypass	314.693	3497.57	2
1.981	3087.85	main	261.852	3492	121
0.974	3089.39	main	284.392	3492	121
0.964	3089.57	bypass	313.569	3497.57	1
1.982	3090.99	main	261.991	3492	122
0.966	3091.91	bypass	309.911	3497.57	0
0.975	3092.98	main	284.975	3492	123
1.983	3093.43	main	261.425	3492	122
0.976	3095.84	main	285.838	3492	124
1.984	3096.7	main	262.699	3492	124
0.977	3098.21	main	285.21	3492	124
1.985	3099.96	main	262.961	3492	125
0.978	3101.01	main	285.013	3492	125
1.986	3101.92	main	261.918	3492	125
0.979	3104.15	main	285.149	3492	126
1.987	3105.19	main	262.194	3492	126
0.980	3106.87	main	284.874	3492	127
1.988	3107.65	main	261.654	3492	127
0.981	3109.88	main	284.883	3492	128
1.989	3110.38	main	261.379	3492	127
0.982	3112.54	main	284.538	3492	128
1.990	3113.31	main	261.31	3492	128
1.991	3115.15	main	260.153	3492	129
0.983	3115.57	main	284.566	3492	129
0.984	3117.48	main	284.475	3492	129
1.992	3118.4	main	261.401	3492	130
0.985	3120.28	main	284.275	3492	131
1.993	3121.12	main	261.117	3492	130
1.994	3123.32	main	260.322	3492	132
0.986	3123.91	main	284.911	3492	131
0.987	3126.19	main	284.189	3492	132
1.995	3126.66	main	260.661	3492	132
1.996	3129.44	main	259.444	3492	133
0.988	3129.69	main	284.688	3492	132
1.997	3132.6	main	259.603	3492	134
0.989	3132.81	main	284.811	3492	134
1.998	3135.31	main	259.313	3492	136
0.990	3135.72	main	284.719	3492	135
0.991	3137.24	main	283.242	3492	135
1.999	3138.35	main	258.346	3492	135
0.992	3140.69	main	284.688	3492	137
1.1000	3141.88	main	257.883	3492	137
0.993	3143.82	main	284.822	3492	138
1.1001	3144.54	main	256.535	3492	138
1.1002	3146.12	main	253.124	3492	138
0.994	3146.19	main	284.19	3492	137
0.995	3149.52	main	284.52	3492	139
1.1003	3150.17	main	251.171	3492	140
0.996	3151.34	main	283.337	3492	140
1.1004	3152.16	main	246.155	3492	139
0.997	3154.88	main	283.876	3492	141
1.1005	3155.74	main	234.74	3492	140
0.998	3158.68	main	283.684	3492	142
1.1006	3158.69	main	222.694	3492	141
0.999	3160.01	main	281.01	3492	142
1.1007	3161.35	main	172.351	3492	142
0.1000	3163.57	main	280.573	3492	144
1.1008	3164.05	main	164.048	3492	143
0.1001	3166.32	main	279.324	3492	144
1.1009	3168.37	main	163.372	3492	146
0.1002	3169.45	main	276.447	3492	145
1.1010	3170.98	main	162.977	3492	146
0.1003	3172.67	main	272.675	3492	147
1.1011	3173.69	main	162.686	3492	146
0.1004	3175.25	main	261.253	3492	147
1.1012	3176.18	main	163.181	3492	147
0.1005	3178.01	main	251.013	3492	147
1.1013	3178.93	main	163.932	3492	148
0.1006	3181.38	main	244.384	3492	149
1.1014	3181.86	main	164.863	3492	148
0.1007	3183.43	main	227.435	3492	149
1.1015	3184.74	main	164.741	3492	148
0.1008	3186.59	main	196.589	3492	149
1.1016	3187.3	main	165.299	3492	149
0.1009	3189.7	main	183.702	3492	150
1.1017	3190.1	main	166.103	3492	150
0.1010	3192.15	main	176.146	3492	151
1.1018	3193.34	main	167.341	3492	150
0.1011	3195.13	main	173.13	3492	149
1.1019	3195.59	main	167.589	3492	148
0.1012	3198.5	main	172.498	3492	147
1.1020	3198.67	main	168.667	3492	146
1.1021	3201.28	main	169.275	3492	145
0.1013	3201.44	main	172.441	3492	144
0.1014	3204.74	main	172.739	3492	143
1.1022	3204.83	main	170.825	3492	142
1.1023	3207.15	main	170.152	3492	141
0.1015	3207.23	main	173.233	3492	140
0.1016	3210.38	main	173.376	3492	139
1.1024	3211.89	main	172.891	3492	138
0.1017	3212.5	main	173.495	3492	137
1.1025	3213.54	main	172.544	3492	136
0.1018	3216.32	main	175.317	3492	135
1.1026	3216.84	main	173.838	3482	134
1.1027	3219.19	main	174.193	3492	133
0.1019	3219.56	main	176.557	3492	132
1.1028	3222.95	main	175.949	3492	131
0.1020	3223.78	main	178.775	3492	130
1.1029	3225.56	main	176.562	3492	129
0.1021	3226.7	main	179.702	3492	128
1.1030	3227.65	main	176.652	3492	127
0.1022	3228.99	main	179.986	3492	126
1.1031	3229.27	main	176.271	3492	125
0.1023	3231.52	main	180.521	3492	124
1.1032	3233.41	main	178.405	3492	123
0.1024	3234.73	main	181.731	3492	122
1.1033	3236.98	main	179.985	3492	121
0.1025	3237.13	main	182.133	3492	120
1.1034	3239.5	main	180.504	3492	119
0.1026	3240.47	main	182.468	3492	118
1.1035	3241.7	main	180.704	3492	117
0.1027	3242.86	main	182.859	3492	116
1.1036	3245.81	main	182.808	3492	115
0.1028	3246.84	main	184.842	3492	114
1.1037	3247.42	main	182.422	3492	113
0.1029	3249.32	main	185.317	3492	112
1.1038	3250.19	main	183.185	3492	111
0.1030	3251.27	main	185.267	3492	110
1.1039	3253.44	main	184.441	3492	109
0.1031	3254.24	main	186.244	3492	108
1.1040	3256.52	main	185.521	3492	107
0.1032	3257.69	main	187.693	3492	106
1.1041	3259.61	main	186.608	3492	105
0.1033	3260.94	main	188.944	3492	104
1.1042	3262.31	main	187.309	3492	103
0.1034	3264.44	main	190.442	3492	102
1.1043	3265.49	main	188.491	3492	101
0.1035	3266.15	main	190.155	3492	100
1.1044	3267.55	main	188.553	3492	99
0.1036	3268.56	main	190.557	3492	98
1.1045	3270.25	main	189.252	3492	97
0.1037	3271.61	main	191.606	3492	96
1.1046	3273.49	main	190.486	3492	95
0.1038	3274.86	main	192.857	3492	94
1.1047	3276.22	main	191.221	3492	93
0.1039	3278.43	main	194.429	3492	92
1.1048	3279.28	main	192.282	3492	91
0.1040	3280.5	main	194.497	3492	90
1.1049	3282.55	main	193.546	3492	89
0.1041	3283.72	main	195.719	3492	88
1.1050	3284.13	main	193.129	3492	87
0.1042	3286.39	main	196.388	3492	86
1.1051	3287.02	main	194.021	3492	85
0.1043	3289.01	main	197.013	3492	84
1.1052	3290.17	main	195.169	3492	83
0.1044	3292.64	main	198.64	3492	82
1.1053	3293.77	main	196.773	3492	81
0.1045	3294.76	main	198.759	3492	80
1.1054	3295.36	main	196.358	3492	79
0.1046	3297.57	main	199.572	3492	78
1.1055	3298.71	main	197.711	3492	77
0.1047	3300.3	main	200.303	3492	76
1.1056	3301.6	main	198.601	3492	75
0.1048	3303.18	main	201.181	3492	74
1.1057	3304.83	main	199.828	3492	73
0.1049	3306.02	main	202.025	3492	72
1.1058	3308.26	main	201.264	3492	71
0.1050	3308.7	main	202.702	3492	70
1.1059	3310.24	main	201.237	3492	69
0.1051	3311.84	main	203.839	3492	68
1.1060	3313.28	main	202.28	3492	67
0.1052	3314.42	main	204.42	3492	66
1.1061	3316.97	main	203.971	3492	65
0.1053	3317.38	main	205.379	3492	64
1.1062	3319.85	main	204.851	3492	63
0.1085	3320.27	bypass	143.274	3497.57	80
0.1054	3320.3	main	206.3	3492	62
1.1063	3322.29	main	205.287	3492	61
0.1055	3322.74	main	206.741	3492	60
1.1093	3323.82	bypass	146.818	3497.57	81
1.1064	3325.05	main	206.053	3492	59
0.1056	3325.96	main	207.965	3492	58
0.1057	3328.29	main	208.285	3492	57
1.1065	3328.8	main	207.795	3492	56
0.1086	3330.21	bypass	151.208	3497.57	80
1.1066	3331.11	main	208.107	3492	55
0.1058	3331.54	main	209.54	3492	54
1.1092	3333.77	bypass	158.768	3497.57	79
0.1059	3334.13	main	210.128	3492	53
1.1067	3334.22	main	209.223	3492	52
0.1087	3336.36	bypass	155.36	3497.57	79
1.1068	3336.51	main	209.51	3492	51
0.1060	3337.91	main	211.913	3492	50
1.1069	3339.14	main	210.143	3492	49
1.1094	3339.27	bypass	159.272	3497.57	78
0.1061	3339.5	main	211.498	3492	48
0.1062	3341.42	main	211.42	3492	47
1.1095	3342.53	bypass	160.53	3497.57	78
1.1070	3342.9	main	211.9	3492	46
0.1088	3344.45	bypass	161.455	3497.57	78
0.1063	3345.38	main	213.377	3492	45
1.1071	3345.98	main	212.98	3492	44
1.1096	3346.74	bypass	162.738	3497.57	77
0.1064	3347.1	main	213.1	3492	43
1.1072	3348.3	main	213.295	3492	42
0.1089	3348.64	bypass	163.635	3497.57	76
1.1073	3350.09	main	213.09	3492	41
1.1097	3350.19	bypass	164.194	3497.57	75
0.1065	3350.55	main	214.552	3492	40
1.1098	3353.29	bypass	165.29	3497.57	74
1.1074	3353.81	main	214.808	3492	39
0.1066	3354.21	main	216.211	3482	38
0.1090	3355.65	bypass	168.654	3497.57	73
1.1075	3356.19	main	215.188	3492	37
0.1067	3356.19	main	216.192	3492	36
1.1099	3357.47	bypass	167.469	3497.57	72
1.1076	3359.59	main	216.587	3492	35
0.1068	3359.83	main	217.833	3492	34
0.1091	3360.61	bypass	171.605	3497.57	71
0.1069	3362.01	main	218.014	3492	33
0.1092	3362.02	bypass	171.015	3497.57	70
1.1077	3362.52	main	217.521	3492	32
1.1100	3364.96	bypass	172.959	3497.57	69
1.1078	3365.06	main	218.06	3492	31
0.1070	3365.61	main	219.611	3492	30
0.1093	3366.96	bypass	173.955	3497.57	69
1.1079	3368.16	main	219.162	3492	29
1.1101	3368.34	bypass	174.34	3497.57	69
0.1071	3368.55	main	220.545	3492	28
0.1072	3370.77	main	220.774	3492	27
1.1080	3371.09	main	220.087	3492	26
0.1094	3371.18	bypass	176.176	3497.57	68
1.1102	3373.23	bypass	177.234	3497.57	67
0.1073	3373.33	main	221.327	3492	25
1.1081	3373.79	main	220.788	3492	24
0.1095	3375.66	bypass	178.662	3497.57	66
0.1074	3376.66	main	222.662	3492	23
1.1082	3377.62	main	222.617	3492	22
1.1106	3378.5	bypass	174.5	3497.57	65
0.1075	3379.66	main	223.658	3492	21
1.1083	3379.72	main	222.725	3492	20
1.1105	3380.98	bypass	178.982	3497.57	64
0.1076	3382.45	main	224.451	3492	19
1.1084	3382.73	main	223.733	3492	18
0.1096	3382.85	bypass	183.848	3497.57	63
1.1085	3384.02	main	223.023	3492	17
0.1077	3384.44	main	224.444	3492	16
1.1107	3385.03	bypass	179.029	3497.57	63
0.1101	3387.08	bypass	177.078	3497.57	62
1.1086	3388.08	main	225.076	3492	15
0.1078	3388.21	main	226.209	3492	14
1.1103	3389.14	bypass	191.14	3497.57	62
0.1079	3390.84	main	226.839	3492	13
1.1087	3390.86	main	225.86	3492	12
1.1104	3391.92	bypass	191.922	3497.57	61
0.1097	3393.34	bypass	191.343	3497.57	61
0.1080	3393.7	main	227.701	3492	11
1.1088	3393.95	main	226.952	3492	10
0.1102	3395.02	bypass	183.018	3497.57	60
1.1089	3395.8	main	226.8	3492	9
0.1081	3397.77	main	228.77	3492	8
1.1112	3397.87	bypass	180.874	3497.57	59
1.1090	3399.94	main	228.94	3492	7
0.1098	3400.82	bypass	196.82	3497.57	59
0.1082	3400.86	main	229.857	3492	6
1.1091	3401.19	main	228.195	3492	5
0.1104	3402.01	bypass	186.01	3497.57	59
0.1083	3403.76	main	230.76	3492	4
0.1084	3404.06	main	229.062	3492	3
1.1109	3404.51	bypass	194.512	3497.57	59
1.1113	3408.79	bypass	189.79	3497.57	60
0.1099	3412.68	bypass	206.677	3497.57	60
1.1115	3414.72	bypass	190.716	3497.57	60
0.1100	3417.13	bypass	209.135	3497.57	60
1.1108	3419.07	bypass	211.07	3497.57	59
0.1103	3421.46	bypass	207.463	3497.57	58
1.1110	3423.16	bypass	211.165	3497.57	57
1.1111	3425.4	bypass	211.404	3497.57	57
1.1114	3427.31	bypass	206.31	3497.57	57
0.1108	3430.68	bypass	205.682	3497.57	56
1.1119	3434.21	bypass	201.212	3497.57	57
0.1106	3436.28	bypass	215.278	3497.57	57
0.1105	3438.04	bypass	219.037	3497.57	57
1.1121	3441.42	bypass	203.417	3497.57	58
1.1116	3443.61	bypass	217.611	3497.57	58
0.1107	3446.11	bypass	223.11	3497.57	59
1.1117	3449.53	bypass	221.529	3497.57	59
0.1109	3451.21	bypass	224.208	3497.57	58
1.1118	3453.86	bypass	222.864	3497.57	59
1.1123	3455.95	bypass	212.946	3497.57	59
0.1116	3457.41	bypass	214.407	3497.57	58
0.1110	3460.12	bypass	230.122	3497.57	57
1.1120	3462.63	bypass	227.625	3497.57	56
1.1127	3464.53	bypass	212.531	3497.57	56
0.1113	3466.48	bypass	230.481	3497.57	56
1.1131	3469.68	bypass	208.677	3497.57	55
0.1111	3471.47	bypass	239.474	3497.57	55
1.1132	3473.83	bypass	209.832	3497.57	54
0.1112	3475.94	bypass	241.945	3497.57	55
1.1126	3478.26	bypass	229.258	3497.57	54
1.1125	3480.44	bypass	233.435	3497.57	53
1.1124	3482.94	bypass	237.942	3497.57	52
1.1133	3484.77	bypass	218.77	3497.57	51
1.1128	3486.43	bypass	232.43	3497.57	51
1.1122	3488.46	bypass	248.465	3497.57	50
1.1134	3490.15	bypass	221.152	3497.57	49
1.1130	3493.74	bypass	234.741	3497.57	51
0.1114	3495.06	bypass	256.057	3497.57	50
0.1119	3497.4	bypass	246.4	3497.57	49
0.1115	3500.28	bypass	259.285	3497.57	48
1.1129	3502.79	bypass	245.795	3497.57	47
1.1135	3504.64	bypass	233.639	3497.57	46
1.1137	3507.56	bypass	231.564	3497.57	45
1.1136	3509.56	bypass	235.561	3497.57	44
1.1138	3511.88	bypass	232.883	3497.57	43
0.1117	3513.94	bypass	267.944	3497.57	42
0.1118	3516.33	bypass	267.332	3497.57	41
0.1122	3519.5	bypass	261.496	3497.57	40
0.1120	3522.86	bypass	268.859	3497.57	39
1.1139	3525.92	bypass	244.925	3497.57	38
1.1140	3527.67	bypass	243.675	3497.57	37
0.1124	3529.5	bypass	266.499	3497.57	36
0.1121	3532.79	bypass	276.789	3497.57	35
0.1126	3534.31	bypass	266.311	3497.57	34
1.1143	3537.62	bypass	245.62	3497.57	33
1.1142	3540.26	bypass	251.26	3497.57	32
1.1141	3542.05	bypass	255.045	3497.57	31
1.1145	3544.92	bypass	246.916	3497.57	30
0.1127	3547.94	bypass	277.935	3497.57	29
1.1144	3549.5	bypass	254.504	3497.57	28
0.1123	3552.7	bypass	292.704	3497.57	27
1.1146	3555.53	bypass	254.533	3497.57	26
0.1125	3557.53	bypass	292.525	3497.57	25
0.1130	3559.05	bypass	281.054	3497.57	24
1.1148	3561.98	bypass	254.984	3497.57	23
1.1149	3563.54	bypass	253.542	3497.57	22
0.1128	3566.27	bypass	293.268	3497.57	21
1.1147	3568.97	bypass	264.965	3497.57	20
1.1150	3570.64	bypass	257.645	3497.57	19
1.1151	3572.58	bypass	257.584	3497.57	18
0.1129	3574	bypass	299.002	3497.57	17
0.1133	3576.08	bypass	291.08	3497.57	16
1.1155	3578.08	main	251.078	3492	100
0.1131	3579.02	bypass	298.022	3497.57	15
0.1132	3581.38	bypass	298.377	3497.57	14
1.1157	3584.44	main	251.44	3492	105
1.1153	3584.54	bypass	263.543	3497.57	13
0.1137	3584.65	main	288.647	3492	104
1.1152	3586.84	bypass	268.836	3497.57	15
1.1158	3588.58	main	252.584	3492	103
0.1134	3589.8	bypass	302.804	3497.57	15
1.1160	3590.98	main	249.976	3492	105
1.1154	3591.69	bypass	267.694	3497.57	14
1.1161	3592.18	main	248.176	3492	105
1.1156	3593.79	bypass	263.793	3497.57	13
1.1162	3594.76	main	246.758	3492	107
0.1140	3596.31	main	291.308	3492	107
0.1135	3596.6	bypass	305.601	3497.57	12
1.1163	3598.12	main	247.118	3492	108
0.1138	3598.42	bypass	299.42	3497.57	11
